496
mesh_color_picker 0 color_picker 0.000000 0.000000 0.000000 0.000000 0.000000 0.000000 1.000000 1.000000 1.000000
mesh_custom_map_banner_01 0 custom_map_banner_01 0.000000 0.000000 0.000000 -90.000000 0.000000 90.000000 1.000000 1.000000 1.000000
mesh_custom_map_banner_02 0 custom_map_banner_02 0.000000 0.000000 0.000000 -90.000000 0.000000 90.000000 1.000000 1.000000 1.000000
mesh_custom_map_banner_03 0 custom_map_banner_03 0.000000 0.000000 0.000000 -90.000000 0.000000 90.000000 1.000000 1.000000 1.000000
mesh_custom_banner_01 0 custom_banner_01 0.000000 0.000000 0.000000 -90.000000 0.000000 0.000000 1.000000 1.000000 1.000000
mesh_custom_banner_02 0 custom_banner_02 0.000000 0.000000 0.000000 -90.000000 0.000000 0.000000 1.000000 1.000000 1.000000
mesh_custom_banner_bg 0 custom_banner_bg 0.000000 0.000000 0.000000 0.000000 0.000000 0.000000 10.000000 10.000000 10.000000
mesh_custom_banner_fg01 0 custom_banner_fg01 0.000000 0.000000 0.000000 0.000000 0.000000 0.000000 10.000000 10.000000 10.000000
mesh_custom_banner_fg02 0 custom_banner_fg02 0.000000 0.000000 0.000000 0.000000 0.000000 0.000000 10.000000 10.000000 10.000000
mesh_custom_banner_fg03 0 custom_banner_fg03 0.000000 0.000000 0.000000 0.000000 0.000000 0.000000 10.000000 10.000000 10.000000
mesh_custom_banner_fg04 0 custom_banner_fg04 0.000000 0.000000 0.000000 0.000000 0.000000 0.000000 10.000000 10.000000 10.000000
mesh_custom_banner_fg05 0 custom_banner_fg05 0.000000 0.000000 0.000000 0.000000 0.000000 0.000000 10.000000 10.000000 10.000000
mesh_custom_banner_fg06 0 custom_banner_fg06 0.000000 0.000000 0.000000 0.000000 0.000000 0.000000 10.000000 10.000000 10.000000
mesh_custom_banner_fg07 0 custom_banner_fg07 0.000000 0.000000 0.000000 0.000000 0.000000 0.000000 10.000000 10.000000 10.000000
mesh_custom_banner_fg08 0 custom_banner_fg08 0.000000 0.000000 0.000000 0.000000 0.000000 0.000000 10.000000 10.000000 10.000000
mesh_custom_banner_fg09 0 custom_banner_fg09 0.000000 0.000000 0.000000 0.000000 0.000000 0.000000 10.000000 10.000000 10.000000
mesh_custom_banner_fg10 0 custom_banner_fg10 0.000000 0.000000 0.000000 0.000000 0.000000 0.000000 10.000000 10.000000 10.000000
mesh_custom_banner_fg11 0 custom_banner_fg11 0.000000 0.000000 0.000000 0.000000 0.000000 0.000000 10.000000 10.000000 10.000000
mesh_custom_banner_fg12 0 custom_banner_fg12 0.000000 0.000000 0.000000 0.000000 0.000000 0.000000 10.000000 10.000000 10.000000
mesh_custom_banner_fg13 0 custom_banner_fg13 0.000000 0.000000 0.000000 0.000000 0.000000 0.000000 10.000000 10.000000 10.000000
mesh_custom_banner_fg14 0 custom_banner_fg14 0.000000 0.000000 0.000000 0.000000 0.000000 0.000000 10.000000 10.000000 10.000000
mesh_custom_banner_fg15 0 custom_banner_fg15 0.000000 0.000000 0.000000 0.000000 0.000000 0.000000 10.000000 10.000000 10.000000
mesh_custom_banner_fg16 0 custom_banner_fg16 0.000000 0.000000 0.000000 0.000000 0.000000 0.000000 10.000000 10.000000 10.000000
mesh_custom_banner_fg17 0 custom_banner_fg17 0.000000 0.000000 0.000000 0.000000 0.000000 0.000000 10.000000 10.000000 10.000000
mesh_custom_banner_fg18 0 custom_banner_fg18 0.000000 0.000000 0.000000 0.000000 0.000000 0.000000 10.000000 10.000000 10.000000
mesh_custom_banner_fg19 0 custom_banner_fg19 0.000000 0.000000 0.000000 0.000000 0.000000 0.000000 10.000000 10.000000 10.000000
mesh_custom_banner_fg20 0 custom_banner_fg20 0.000000 0.000000 0.000000 0.000000 0.000000 0.000000 10.000000 10.000000 10.000000
mesh_custom_banner_fg21 0 custom_banner_fg21 0.000000 0.000000 0.000000 0.000000 0.000000 0.000000 10.000000 10.000000 10.000000
mesh_custom_banner_fg22 0 custom_banner_fg22 0.000000 0.000000 0.000000 0.000000 0.000000 0.000000 10.000000 10.000000 10.000000
mesh_custom_banner_fg23 0 custom_banner_fg23 0.000000 0.000000 0.000000 0.000000 0.000000 0.000000 10.000000 10.000000 10.000000
mesh_custom_banner_charge_01 0 custom_banner_charge_01 0.000000 0.000000 0.000000 0.000000 0.000000 0.000000 10.000000 10.000000 10.000000
mesh_custom_banner_charge_02 0 custom_banner_charge_02 0.000000 0.000000 0.000000 0.000000 0.000000 0.000000 10.000000 10.000000 10.000000
mesh_custom_banner_charge_03 0 custom_banner_charge_03 0.000000 0.000000 0.000000 0.000000 0.000000 0.000000 10.000000 10.000000 10.000000
mesh_custom_banner_charge_04 0 custom_banner_charge_04 0.000000 0.000000 0.000000 0.000000 0.000000 0.000000 10.000000 10.000000 10.000000
mesh_custom_banner_charge_05 0 custom_banner_charge_05 0.000000 0.000000 0.000000 0.000000 0.000000 0.000000 10.000000 10.000000 10.000000
mesh_custom_banner_charge_06 0 custom_banner_charge_06 0.000000 0.000000 0.000000 0.000000 0.000000 0.000000 10.000000 10.000000 10.000000
mesh_custom_banner_charge_07 0 custom_banner_charge_07 0.000000 0.000000 0.000000 0.000000 0.000000 0.000000 10.000000 10.000000 10.000000
mesh_custom_banner_charge_08 0 custom_banner_charge_08 0.000000 0.000000 0.000000 0.000000 0.000000 0.000000 10.000000 10.000000 10.000000
mesh_custom_banner_charge_09 0 custom_banner_charge_09 0.000000 0.000000 0.000000 0.000000 0.000000 0.000000 10.000000 10.000000 10.000000
mesh_custom_banner_charge_10 0 custom_banner_charge_10 0.000000 0.000000 0.000000 0.000000 0.000000 0.000000 10.000000 10.000000 10.000000
mesh_custom_banner_charge_11 0 custom_banner_charge_11 0.000000 0.000000 0.000000 0.000000 0.000000 0.000000 10.000000 10.000000 10.000000
mesh_custom_banner_charge_12 0 custom_banner_charge_12 0.000000 0.000000 0.000000 0.000000 0.000000 0.000000 10.000000 10.000000 10.000000
mesh_custom_banner_charge_13 0 custom_banner_charge_13 0.000000 0.000000 0.000000 0.000000 0.000000 0.000000 10.000000 10.000000 10.000000
mesh_custom_banner_charge_14 0 custom_banner_charge_14 0.000000 0.000000 0.000000 0.000000 0.000000 0.000000 10.000000 10.000000 10.000000
mesh_custom_banner_charge_15 0 custom_banner_charge_15 0.000000 0.000000 0.000000 0.000000 0.000000 0.000000 10.000000 10.000000 10.000000
mesh_custom_banner_charge_16 0 custom_banner_charge_16 0.000000 0.000000 0.000000 0.000000 0.000000 0.000000 10.000000 10.000000 10.000000
mesh_custom_banner_charge_17 0 custom_banner_charge_17 0.000000 0.000000 0.000000 0.000000 0.000000 0.000000 10.000000 10.000000 10.000000
mesh_custom_banner_charge_18 0 custom_banner_charge_18 0.000000 0.000000 0.000000 0.000000 0.000000 0.000000 10.000000 10.000000 10.000000
mesh_custom_banner_charge_19 0 custom_banner_charge_19 0.000000 0.000000 0.000000 0.000000 0.000000 0.000000 10.000000 10.000000 10.000000
mesh_custom_banner_charge_20 0 custom_banner_charge_20 0.000000 0.000000 0.000000 0.000000 0.000000 0.000000 10.000000 10.000000 10.000000
mesh_custom_banner_charge_21 0 custom_banner_charge_21 0.000000 0.000000 0.000000 0.000000 0.000000 0.000000 10.000000 10.000000 10.000000
mesh_custom_banner_charge_22 0 custom_banner_charge_22 0.000000 0.000000 0.000000 0.000000 0.000000 0.000000 10.000000 10.000000 10.000000
mesh_custom_banner_charge_23 0 custom_banner_charge_23 0.000000 0.000000 0.000000 0.000000 0.000000 0.000000 10.000000 10.000000 10.000000
mesh_custom_banner_charge_24 0 custom_banner_charge_24 0.000000 0.000000 0.000000 0.000000 0.000000 0.000000 10.000000 10.000000 10.000000
mesh_custom_banner_charge_25 0 custom_banner_charge_25 0.000000 0.000000 0.000000 0.000000 0.000000 0.000000 10.000000 10.000000 10.000000
mesh_custom_banner_charge_26 0 custom_banner_charge_26 0.000000 0.000000 0.000000 0.000000 0.000000 0.000000 10.000000 10.000000 10.000000
mesh_custom_banner_charge_27 0 custom_banner_charge_27 0.000000 0.000000 0.000000 0.000000 0.000000 0.000000 10.000000 10.000000 10.000000
mesh_custom_banner_charge_28 0 custom_banner_charge_28 0.000000 0.000000 0.000000 0.000000 0.000000 0.000000 10.000000 10.000000 10.000000
mesh_custom_banner_charge_29 0 custom_banner_charge_29 0.000000 0.000000 0.000000 0.000000 0.000000 0.000000 10.000000 10.000000 10.000000
mesh_custom_banner_charge_30 0 custom_banner_charge_30 0.000000 0.000000 0.000000 0.000000 0.000000 0.000000 10.000000 10.000000 10.000000
mesh_custom_banner_charge_31 0 custom_banner_charge_31 0.000000 0.000000 0.000000 0.000000 0.000000 0.000000 10.000000 10.000000 10.000000
mesh_custom_banner_charge_32 0 custom_banner_charge_32 0.000000 0.000000 0.000000 0.000000 0.000000 0.000000 10.000000 10.000000 10.000000
mesh_custom_banner_charge_33 0 custom_banner_charge_33 0.000000 0.000000 0.000000 0.000000 0.000000 0.000000 10.000000 10.000000 10.000000
mesh_custom_banner_charge_34 0 custom_banner_charge_34 0.000000 0.000000 0.000000 0.000000 0.000000 0.000000 10.000000 10.000000 10.000000
mesh_custom_banner_charge_35 0 custom_banner_charge_35 0.000000 0.000000 0.000000 0.000000 0.000000 0.000000 10.000000 10.000000 10.000000
mesh_custom_banner_charge_36 0 custom_banner_charge_36 0.000000 0.000000 0.000000 0.000000 0.000000 0.000000 10.000000 10.000000 10.000000
mesh_custom_banner_charge_37 0 custom_banner_charge_37 0.000000 0.000000 0.000000 0.000000 0.000000 0.000000 10.000000 10.000000 10.000000
mesh_custom_banner_charge_38 0 custom_banner_charge_38 0.000000 0.000000 0.000000 0.000000 0.000000 0.000000 10.000000 10.000000 10.000000
mesh_custom_banner_charge_39 0 custom_banner_charge_39 0.000000 0.000000 0.000000 0.000000 0.000000 0.000000 10.000000 10.000000 10.000000
mesh_custom_banner_charge_40 0 custom_banner_charge_40 0.000000 0.000000 0.000000 0.000000 0.000000 0.000000 10.000000 10.000000 10.000000
mesh_custom_banner_charge_41 0 custom_banner_charge_41 0.000000 0.000000 0.000000 0.000000 0.000000 0.000000 10.000000 10.000000 10.000000
mesh_custom_banner_charge_42 0 custom_banner_charge_42 0.000000 0.000000 0.000000 0.000000 0.000000 0.000000 10.000000 10.000000 10.000000
mesh_custom_banner_charge_43 0 custom_banner_charge_43 0.000000 0.000000 0.000000 0.000000 0.000000 0.000000 10.000000 10.000000 10.000000
mesh_custom_banner_charge_44 0 custom_banner_charge_44 0.000000 0.000000 0.000000 0.000000 0.000000 0.000000 10.000000 10.000000 10.000000
mesh_custom_banner_charge_45 0 custom_banner_charge_45 0.000000 0.000000 0.000000 0.000000 0.000000 0.000000 10.000000 10.000000 10.000000
mesh_custom_banner_charge_46 0 custom_banner_charge_46 0.000000 0.000000 0.000000 0.000000 0.000000 0.000000 10.000000 10.000000 10.000000
mesh_tableau_mesh_custom_banner 0 tableau_mesh_custom_banner 0.000000 0.000000 0.000000 0.000000 0.000000 0.000000 10.000000 10.000000 10.000000
mesh_tableau_mesh_custom_banner_square 0 tableau_mesh_custom_banner_square 0.000000 0.000000 0.000000 0.000000 0.000000 0.000000 10.000000 10.000000 10.000000
mesh_tableau_mesh_custom_banner_tall 0 tableau_mesh_custom_banner_tall 0.000000 0.000000 0.000000 0.000000 0.000000 0.000000 10.000000 10.000000 10.000000
mesh_tableau_mesh_custom_banner_short 0 tableau_mesh_custom_banner_short 0.000000 0.000000 0.000000 0.000000 0.000000 0.000000 10.000000 10.000000 10.000000
mesh_outer_terrain_plain_1 0 outer_terrain_plain -90.000000 0.000000 0.000000 0.000000 0.000000 0.000000 1.000000 1.000000 1.000000
mesh_pic_bandits 0 pic_bandits 0.000000 0.000000 0.000000 0.000000 0.000000 0.000000 1.000000 1.000000 1.000000
mesh_pic_mb_warrior_1 0 new_pic_mb_warrior_1 0.000000 0.000000 0.000000 0.000000 0.000000 0.000000 0.600000 1.000000 0.800000
mesh_pic_messenger 0 pic_messenger 0.000000 0.000000 0.000000 0.000000 0.000000 0.000000 1.000000 1.000000 1.000000
mesh_pic_prisoner_man 0 pic_prisoner_man 0.000000 0.000000 0.000000 0.000000 0.000000 0.000000 1.000000 1.000000 1.000000
mesh_pic_prisoner_wilderness 0 pic_prisoner_wilderness 0.000000 0.000000 0.000000 0.000000 0.000000 0.000000 1.000000 1.000000 1.000000
mesh_pic_siege_sighted 0 pic_siege_sighted 0.000000 0.000000 0.000000 0.000000 0.000000 0.000000 1.000000 1.000000 1.000000
mesh_pic_camp 0 pic_camp 0.000000 0.000000 0.000000 0.000000 0.000000 0.000000 1.000000 1.000000 1.000000
mesh_pic_payment 0 pic_payment 0.000000 0.000000 0.000000 0.000000 0.000000 0.000000 1.000000 1.000000 1.000000
mesh_pic_escape_1 0 pic_escape_1 0.000000 0.000000 0.000000 0.000000 0.000000 0.000000 1.000000 1.000000 1.000000
mesh_pic_victory 0 pic_victory 0.000000 0.000000 0.000000 0.000000 0.000000 0.000000 1.000000 1.000000 1.000000
mesh_pic_defeat 0 pic_defeat 0.000000 0.000000 0.000000 0.000000 0.000000 0.000000 1.000000 1.000000 1.000000
mesh_pic_wounded 0 pic_wounded 0.000000 0.000000 0.000000 0.000000 0.000000 0.000000 1.000000 1.000000 1.000000
mesh_pic_steppe_bandits 0 pic_steppe_bandits 0.000000 0.000000 0.000000 0.000000 0.000000 0.000000 1.000000 1.000000 1.000000
mesh_pic_mountain_bandits 0 pic_mountain_bandits 0.000000 0.000000 0.000000 0.000000 0.000000 0.000000 1.000000 1.000000 1.000000
mesh_pic_sea_raiders 0 pic_sea_raiders 0.000000 0.000000 0.000000 0.000000 0.000000 0.000000 1.000000 1.000000 1.000000
mesh_pic_deserters 0 pic_deserters 0.000000 0.000000 0.000000 0.000000 0.000000 0.000000 1.000000 1.000000 1.000000
mesh_pic_forest_bandits 0 pic_forest_bandits 0.000000 0.000000 0.000000 0.000000 0.000000 0.000000 1.000000 1.000000 1.000000
mesh_pic_cattle 0 pic_cattle 0.000000 0.000000 0.000000 0.000000 0.000000 0.000000 1.000000 1.000000 1.000000
mesh_pic_looted_village 0 pic_looted_village 0.000000 0.000000 0.000000 0.000000 0.000000 0.000000 1.000000 1.000000 1.000000
mesh_pic_village_p 0 pic_village_p 0.000000 0.000000 0.000000 0.000000 0.000000 0.000000 1.000000 1.000000 1.000000
mesh_pic_village_s 0 pic_village_s 0.000000 0.000000 0.000000 0.000000 0.000000 0.000000 1.000000 1.000000 1.000000
mesh_pic_village_w 0 pic_village_w 0.000000 0.000000 0.000000 0.000000 0.000000 0.000000 1.000000 1.000000 1.000000
mesh_pic_recruits 0 pic_recruits 0.000000 0.000000 0.000000 0.000000 0.000000 0.000000 1.000000 1.000000 1.000000
mesh_pic_arms_swadian 0 pic_arms_daci 0.000000 0.000000 0.000000 0.000000 0.000000 0.000000 1.000000 1.000000 1.000000
mesh_pic_arms_vaegir 0 pic_arms_caledonians 0.000000 0.000000 0.000000 0.000000 0.000000 0.000000 1.000000 1.000000 1.000000
mesh_pic_arms_khergit 0 pic_arms_scythia 0.000000 0.000000 0.000000 0.000000 0.000000 0.000000 1.000000 1.000000 1.000000
mesh_pic_arms_nord 0 pic_arms_frisi 0.000000 0.000000 0.000000 0.000000 0.000000 0.000000 1.000000 1.000000 1.000000
mesh_pic_arms_rhodok 0 pic_arms_armenia 0.000000 0.000000 0.000000 0.000000 0.000000 0.000000 1.000000 1.000000 1.000000
mesh_pic_sarranid_arms 0 pic_arms_parthia 0.000000 0.000000 0.000000 0.000000 0.000000 0.000000 1.000000 1.000000 1.000000
mesh_pic_arms_rom 0 pic_arms_rome 0.000000 0.000000 0.000000 0.000000 0.000000 0.000000 1.000000 1.000000 1.000000
mesh_pic_arms_vaegir1 0 pic_arms_dumonii 0.000000 0.000000 0.000000 0.000000 0.000000 0.000000 1.000000 1.000000 1.000000
mesh_pic_arms_vaegir2 0 pic_arms_coreltauvi 0.000000 0.000000 0.000000 0.000000 0.000000 0.000000 1.000000 1.000000 1.000000
mesh_pic_arms_vaegir3 0 pic_arms_brigantes 0.000000 0.000000 0.000000 0.000000 0.000000 0.000000 1.000000 1.000000 1.000000
mesh_pic_arms_khergit1 0 pic_arms_roxolani 0.000000 0.000000 0.000000 0.000000 0.000000 0.000000 1.000000 1.000000 1.000000
mesh_pic_arms_khergit2 0 pic_arms_siraci 0.000000 0.000000 0.000000 0.000000 0.000000 0.000000 1.000000 1.000000 1.000000
mesh_pic_arms_nord1 0 pic_arms_cheruski 0.000000 0.000000 0.000000 0.000000 0.000000 0.000000 1.000000 1.000000 1.000000
mesh_pic_arms_nord2 0 pic_arms_marcomanni 0.000000 0.000000 0.000000 0.000000 0.000000 0.000000 1.000000 1.000000 1.000000
mesh_pic_arms_nord3 0 pic_arms_rugi 0.000000 0.000000 0.000000 0.000000 0.000000 0.000000 1.000000 1.000000 1.000000
mesh_pic_arms_nord4 0 pic_arms_quadi 0.000000 0.000000 0.000000 0.000000 0.000000 0.000000 1.000000 1.000000 1.000000
mesh_pic_arms_jew 0 pic_arms_jew 0.000000 0.000000 0.000000 0.000000 0.000000 0.000000 1.000000 1.000000 1.000000
mesh_pic_arms_lazyges 0 pic_arms_lazyges 0.000000 0.000000 0.000000 0.000000 0.000000 0.000000 1.000000 1.000000 1.000000
mesh_pic_arms_batava 0 pic_arms_batava 0.000000 0.000000 0.000000 0.000000 0.000000 0.000000 1.000000 1.000000 1.000000
mesh_pic_arms_iberia 0 pic_arms_iberia 0.000000 0.000000 0.000000 0.000000 0.000000 0.000000 1.000000 1.000000 1.000000
mesh_pic_arms_albania 0 pic_arms_albania 0.000000 0.000000 0.000000 0.000000 0.000000 0.000000 1.000000 1.000000 1.000000
mesh_pic_arms_kolchis 0 pic_arms_kolchis 0.000000 0.000000 0.000000 0.000000 0.000000 0.000000 1.000000 1.000000 1.000000
mesh_pic_arms_osrhoene 0 pic_arms_osrhoene 0.000000 0.000000 0.000000 0.000000 0.000000 0.000000 1.000000 1.000000 1.000000
mesh_pic_arms_otho 0 pic_arms_otho 0.000000 0.000000 0.000000 0.000000 0.000000 0.000000 1.000000 1.000000 1.000000
mesh_pic_arms_vespasian 0 pic_arms_vespasian 0.000000 0.000000 0.000000 0.000000 0.000000 0.000000 1.000000 1.000000 1.000000
mesh_pic_arms_vitellius 0 pic_arms_vitellius 0.000000 0.000000 0.000000 0.000000 0.000000 0.000000 1.000000 1.000000 1.000000
mesh_pic_arms_galba 0 pic_arms_galba 0.000000 0.000000 0.000000 0.000000 0.000000 0.000000 1.000000 1.000000 1.000000
mesh_pic_castle1 0 pic_castle1 0.000000 0.000000 0.000000 0.000000 0.000000 0.000000 1.000000 1.000000 1.000000
mesh_pic_castledes 0 pic_castledes 0.000000 0.000000 0.000000 0.000000 0.000000 0.000000 1.000000 1.000000 1.000000
mesh_pic_castlesnow 0 pic_castlesnow 0.000000 0.000000 0.000000 0.000000 0.000000 0.000000 1.000000 1.000000 1.000000
mesh_pic_charge 0 pic_charge 0.000000 0.000000 0.000000 0.000000 0.000000 0.000000 1.000000 1.000000 1.000000
mesh_pic_khergit 0 pic_khergit 0.000000 0.000000 0.000000 0.000000 0.000000 0.000000 1.000000 1.000000 1.000000
mesh_pic_nord 0 pic_nord 0.000000 0.000000 0.000000 0.000000 0.000000 0.000000 1.000000 1.000000 1.000000
mesh_pic_rhodock 0 pic_rhodock 0.000000 0.000000 0.000000 0.000000 0.000000 0.000000 1.000000 1.000000 1.000000
mesh_pic_sally_out 0 pic_sally_out 0.000000 0.000000 0.000000 0.000000 0.000000 0.000000 1.000000 1.000000 1.000000
mesh_pic_siege_attack 0 pic_siege_attack 0.000000 0.000000 0.000000 0.000000 0.000000 0.000000 1.000000 1.000000 1.000000
mesh_pic_swad 0 pic_swad 0.000000 0.000000 0.000000 0.000000 0.000000 0.000000 1.000000 1.000000 1.000000
mesh_pic_town1 0 pic_town1 0.000000 0.000000 0.000000 0.000000 0.000000 0.000000 1.000000 1.000000 1.000000
mesh_pic_towndes 0 pic_towndes 0.000000 0.000000 0.000000 0.000000 0.000000 0.000000 1.000000 1.000000 1.000000
mesh_pic_townriot 0 pic_townriot 0.000000 0.000000 0.000000 0.000000 0.000000 0.000000 1.000000 1.000000 1.000000
mesh_pic_townsnow 0 pic_townsnow 0.000000 0.000000 0.000000 0.000000 0.000000 0.000000 1.000000 1.000000 1.000000
mesh_pic_vaegir 0 pic_vaegir 0.000000 0.000000 0.000000 0.000000 0.000000 0.000000 1.000000 1.000000 1.000000
mesh_pic_villageriot 0 pic_villageriot 0.000000 0.000000 0.000000 0.000000 0.000000 0.000000 1.000000 1.000000 1.000000
mesh_pic_sarranid_encounter 0 pic_sarranid_encounter 0.000000 0.000000 0.000000 0.000000 0.000000 0.000000 1.000000 1.000000 1.000000
mesh_pic_winter 0 pic_winter 0.000000 0.000000 0.000000 0.000000 0.000000 0.000000 1.000000 1.000000 1.000000
mesh_pic_spring 0 pic_spring 0.000000 0.000000 0.000000 0.000000 0.000000 0.000000 1.000000 1.000000 1.000000
mesh_pic_orgie 0 pic_orgie 0.000000 0.000000 0.000000 0.000000 0.000000 0.000000 1.000000 1.000000 1.000000
mesh_pic_bachus 0 pic_god 0.000000 0.000000 0.000000 0.000000 0.000000 0.000000 1.000000 1.000000 1.000000
mesh_pic_emperor 0 pic_glory_emperor 0.000000 0.000000 0.000000 0.000000 0.000000 0.000000 1.000000 1.000000 1.000000
mesh_pic_senatus 0 pic_senatus 0.000000 0.000000 0.000000 0.000000 0.000000 0.000000 1.000000 1.000000 1.000000
mesh_pic_roma 0 pic_roma 0.000000 0.000000 0.000000 0.000000 0.000000 0.000000 1.000000 1.000000 1.000000
mesh_pic_girls 0 pic_girls 0.000000 0.000000 0.000000 0.000000 0.000000 0.000000 1.000000 1.000000 1.000000
mesh_pic_gladiator 0 pic_gladiator 0.000000 0.000000 0.000000 0.000000 0.000000 0.000000 1.000000 1.000000 1.000000
mesh_pic_baths 0 pic_baths 0.000000 0.000000 0.000000 0.000000 0.000000 0.000000 1.000000 1.000000 1.000000
mesh_pic_party 0 pic_party 0.000000 0.000000 0.000000 0.000000 0.000000 0.000000 1.000000 1.000000 1.000000
mesh_pic_triumph 0 pic_triumph 0.000000 0.000000 0.000000 0.000000 0.000000 0.000000 1.000000 1.000000 1.000000
mesh_pic_underworld 0 pic_underworld 0.000000 0.000000 0.000000 0.000000 0.000000 0.000000 1.000000 1.000000 1.000000
mesh_pic_palast 0 pic_palast 0.000000 0.000000 0.000000 0.000000 0.000000 0.000000 1.000000 1.000000 1.000000
mesh_pic_fire_of_rome 0 pic_fire_of_rome 0.000000 0.000000 0.000000 0.000000 0.000000 0.000000 1.000000 1.000000 1.000000
mesh_pic_landschaft 0 pic_landschaft 0.000000 0.000000 0.000000 0.000000 0.000000 0.000000 1.000000 1.000000 1.000000
mesh_pic_kreuzigung 0 pic_kreuzigung 0.000000 0.000000 0.000000 0.000000 0.000000 0.000000 1.000000 1.000000 1.000000
mesh_pic_jerusalem_tempel 0 pic_jerusalem_tempel 0.000000 0.000000 0.000000 0.000000 0.000000 0.000000 1.000000 1.000000 1.000000
mesh_pic_pyramid 0 pic_pyramid 0.000000 0.000000 0.000000 0.000000 0.000000 0.000000 1.000000 1.000000 1.000000
mesh_pic_mine 0 pic_mine 0.000000 0.000000 0.000000 0.000000 0.000000 0.000000 1.000000 1.000000 1.000000
mesh_pic_pythia 0 pic_pythia 0.000000 0.000000 0.000000 0.000000 0.000000 0.000000 1.000000 1.000000 1.000000
mesh_pic_harbor 0 pic_harbor 0.000000 0.000000 0.000000 0.000000 0.000000 0.000000 1.000000 1.000000 1.000000
mesh_pic_seabattle 0 pic_seabattle 0.000000 0.000000 0.000000 0.000000 0.000000 0.000000 1.000000 1.000000 1.000000
mesh_pic_ships 0 pic_ships 0.000000 0.000000 0.000000 0.000000 0.000000 0.000000 1.000000 1.000000 1.000000
mesh_pic_family 0 pic_family 0.000000 0.000000 0.000000 0.000000 0.000000 0.000000 1.000000 1.000000 1.000000
mesh_pic_villa 0 pic_villa 0.000000 0.000000 0.000000 0.000000 0.000000 0.000000 1.000000 1.000000 1.000000
mesh_pic_villa_sea 0 pic_villa_sea 0.000000 0.000000 0.000000 0.000000 0.000000 0.000000 1.000000 1.000000 1.000000
mesh_pic_numider 0 pic_numider 0.000000 0.000000 0.000000 0.000000 0.000000 0.000000 1.000000 1.000000 1.000000
mesh_pic_nubian 0 pic_nubian 0.000000 0.000000 0.000000 0.000000 0.000000 0.000000 1.000000 1.000000 1.000000
mesh_pic_cave 0 pic_cave 0.000000 0.000000 0.000000 0.000000 0.000000 0.000000 1.000000 1.000000 1.000000
mesh_pic_bacchus_feast_cave 0 pic_bacchus_feast_cave 0.000000 0.000000 0.000000 0.000000 0.000000 0.000000 1.000000 1.000000 1.000000
mesh_pic_lupanar_1 0 pic_lupanar_1 0.000000 0.000000 0.000000 0.000000 0.000000 0.000000 1.000000 1.000000 1.000000
mesh_pic_lupanar_2 0 pic_lupanar_2 0.000000 0.000000 0.000000 0.000000 0.000000 0.000000 1.000000 1.000000 1.000000
mesh_pic_arms_gaetuli 0 pic_arms_gaetuli 0.000000 0.000000 0.000000 0.000000 0.000000 0.000000 1.000000 1.000000 1.000000
mesh_pic_arms_garamantes 0 pic_arms_garamantes 0.000000 0.000000 0.000000 0.000000 0.000000 0.000000 1.000000 1.000000 1.000000
mesh_pic_arms_nabataea 0 pic_arms_nabataea 0.000000 0.000000 0.000000 0.000000 0.000000 0.000000 1.000000 1.000000 1.000000
mesh_pic_arms_kush 0 pic_arms_kush 0.000000 0.000000 0.000000 0.000000 0.000000 0.000000 1.000000 1.000000 1.000000
mesh_pic_arms_irish 0 pic_arms_irish 0.000000 0.000000 0.000000 0.000000 0.000000 0.000000 1.000000 1.000000 1.000000
mesh_pic_arms_danish 0 pic_arms_danish 0.000000 0.000000 0.000000 0.000000 0.000000 0.000000 1.000000 1.000000 1.000000
mesh_pic_arms_slavic 0 pic_arms_slavic 0.000000 0.000000 0.000000 0.000000 0.000000 0.000000 1.000000 1.000000 1.000000
mesh_pic_arms_georgians 0 pic_arms_georgians 0.000000 0.000000 0.000000 0.000000 0.000000 0.000000 1.000000 1.000000 1.000000
mesh_pic_arms_dahae 0 pic_arms_dahae 0.000000 0.000000 0.000000 0.000000 0.000000 0.000000 1.000000 1.000000 1.000000
mesh_pic_library 0 pic_library 0.000000 0.000000 0.000000 0.000000 0.000000 0.000000 1.000000 1.000000 1.000000
mesh_pic_governor_judgment 0 pic_governor_judgment 0.000000 0.000000 0.000000 0.000000 0.000000 0.000000 1.000000 1.000000 1.000000
mesh_pic_hexe_party 0 pic_hexe_party 0.000000 0.000000 0.000000 0.000000 0.000000 0.000000 1.000000 1.000000 1.000000
mesh_pic_extra_intro2 0 pic_extra_intro2 0.000000 0.000000 0.000000 0.000000 0.000000 0.000000 1.000000 1.000000 1.000000
mesh_pic_troop_trees 0 pic_troop_trees 0.000000 0.000000 0.000000 0.000000 0.000000 0.000000 1.000000 1.000000 1.000000
mesh_pic_woman 0 pic_woman 0.000000 0.000000 0.000000 0.000000 0.000000 0.000000 1.000000 1.000000 1.000000
mesh_pic_yourbirth 0 pic_yourbirth 0.000000 0.000000 0.000000 0.000000 0.000000 0.000000 1.000000 1.000000 1.000000
mesh_pic_bush 0 pic_bush 0.000000 0.000000 0.000000 0.000000 0.000000 0.000000 1.000000 1.000000 1.000000
mesh_pic_senators 0 pic_senators 0.000000 0.000000 0.000000 0.000000 0.000000 0.000000 1.000000 1.000000 1.000000
mesh_pic_building_project 0 pic_building_project 0.000000 0.000000 0.000000 0.000000 0.000000 0.000000 1.000000 1.000000 1.000000
mesh_pic_grain 0 pic_grain 0.000000 0.000000 0.000000 0.000000 0.000000 0.000000 1.000000 1.000000 1.000000
mesh_pic_race 0 pic_race 0.000000 0.000000 0.000000 0.000000 0.000000 0.000000 1.000000 1.000000 1.000000
mesh_pic_villa_rustica 0 pic_villa_rustica 0.000000 0.000000 0.000000 0.000000 0.000000 0.000000 1.000000 1.000000 1.000000
mesh_pic_punishment_roman 0 pic_punishment_roman 0.000000 0.000000 0.000000 0.000000 0.000000 0.000000 1.000000 1.000000 1.000000
mesh_pic_legion_march 0 pic_legion_march 0.000000 0.000000 0.000000 0.000000 0.000000 0.000000 1.000000 1.000000 1.000000
mesh_pic_road_building 0 pic_road_building 0.000000 0.000000 0.000000 0.000000 0.000000 0.000000 1.000000 1.000000 1.000000
mesh_pic_centurio 0 pic_centurio 0.000000 0.000000 0.000000 0.000000 0.000000 0.000000 1.000000 1.000000 1.000000
mesh_pic_battle_aftermath 0 pic_battle_aftermath 0.000000 0.000000 0.000000 0.000000 0.000000 0.000000 1.000000 1.000000 1.000000
mesh_pic_omen_bird 0 pic_omen_bird 0.000000 0.000000 0.000000 0.000000 0.000000 0.000000 1.000000 1.000000 1.000000
mesh_pic_cliffs_dover 0 pic_cliffs_dover 0.000000 0.000000 0.000000 0.000000 0.000000 0.000000 1.000000 1.000000 1.000000
mesh_pic_desert 0 pic_desert 0.000000 0.000000 0.000000 0.000000 0.000000 0.000000 1.000000 1.000000 1.000000
mesh_pic_nile 0 pic_nile 0.000000 0.000000 0.000000 0.000000 0.000000 0.000000 1.000000 1.000000 1.000000
mesh_pic_camp_menu 0 pic_camp_menu 0.000000 0.000000 0.000000 0.000000 0.000000 0.000000 1.000000 1.000000 1.000000
mesh_pic_wildfire 0 pic_wildfire 0.000000 0.000000 0.000000 0.000000 0.000000 0.000000 1.000000 1.000000 1.000000
mesh_pic_hanging_gardens 0 pic_hanging_gardens 0.000000 0.000000 0.000000 0.000000 0.000000 0.000000 1.000000 1.000000 1.000000
mesh_pic_alexandria 0 pic_alexandria 0.000000 0.000000 0.000000 0.000000 0.000000 0.000000 1.000000 1.000000 1.000000
mesh_pic_athen 0 pic_athen 0.000000 0.000000 0.000000 0.000000 0.000000 0.000000 1.000000 1.000000 1.000000
mesh_pic_elysium 0 pic_elysium 0.000000 0.000000 0.000000 0.000000 0.000000 0.000000 1.000000 1.000000 1.000000
mesh_pic_mb_warrior_2 0 new_pic_mb_warrior_2 0.000000 0.000000 0.000000 0.000000 0.000000 0.000000 1.000000 1.000000 1.000000
mesh_pic_mb_warrior_3 0 new_pic_mb_warrior_3 0.000000 0.000000 0.000000 0.000000 0.000000 0.000000 1.000000 1.000000 1.000000
mesh_pic_mb_warrior_4 0 new_pic_mb_warrior_4 0.000000 0.000000 0.000000 0.000000 0.000000 0.000000 1.000000 1.000000 1.000000
mesh_game_log_window 0 game_log_window 0.000000 0.000000 0.000000 0.000000 0.000000 0.000000 1.000000 1.000000 1.000000
mesh_left_button 0 cb_ui_comp_arrow_l_d 0.000000 0.000000 0.000000 0.000000 0.000000 0.000000 0.500000 0.500000 0.500000
mesh_left_button_hl 0 cb_ui_comp_arrow_l_hl 0.000000 0.000000 0.000000 0.000000 0.000000 0.000000 0.500000 0.500000 0.500000
mesh_left_button_down 0 cb_ui_comp_arrow_l_p 0.000000 0.000000 0.000000 0.000000 0.000000 0.000000 0.500000 0.500000 0.500000
mesh_right_button 0 cb_ui_comp_arrow_r_d 0.000000 0.000000 0.000000 0.000000 0.000000 0.000000 0.500000 0.500000 0.500000
mesh_right_button_down 0 cb_ui_comp_arrow_r_p 0.000000 0.000000 0.000000 0.000000 0.000000 0.000000 0.500000 0.500000 0.500000
mesh_right_button_hl 0 cb_ui_comp_arrow_r_hl 0.000000 0.000000 0.000000 0.000000 0.000000 0.000000 0.500000 0.500000 0.500000
mesh_center_button 0 cb_ui_title_panel 0.000000 0.000000 0.000000 0.000000 0.000000 0.000000 0.500000 0.500000 0.500000
mesh_used_button 0 medium_button 0.000000 0.000000 0.000000 0.000000 0.000000 0.000000 0.500000 0.500000 0.500000
mesh_used_button_down 0 medium_button_down 0.000000 0.000000 0.000000 0.000000 0.000000 0.000000 0.500000 0.500000 0.500000
mesh_pic_statue 0 pic_statue 0.000000 0.000000 0.000000 0.000000 0.000000 0.000000 1.000000 1.000000 1.000000
mesh_pic_character_report 0 pic_character_report 0.000000 0.000000 0.000000 0.000000 0.000000 0.000000 1.000000 1.000000 1.000000
mesh_mp_score_a 0 mp_score_a 0.000000 0.000000 0.000000 0.000000 0.000000 0.000000 1.000000 1.000000 1.000000
mesh_mp_score_b 0 mp_score_b 0.000000 0.000000 0.000000 0.000000 0.000000 0.000000 1.000000 1.000000 1.000000
mesh_portrait_blend_out 0 portrait_blend_out 0.000000 0.000000 0.000000 0.000000 0.000000 0.000000 1.000000 1.000000 1.000000
mesh_load_window 0 load_window 0.000000 0.000000 0.000000 0.000000 0.000000 0.000000 1.000000 1.000000 1.000000
mesh_checkbox_off 1 checkbox_off 0.000000 0.000000 0.000000 0.000000 0.000000 0.000000 1.000000 1.000000 1.000000
mesh_checkbox_on 1 checkbox_on 0.000000 0.000000 0.000000 0.000000 0.000000 0.000000 1.000000 1.000000 1.000000
mesh_white_plane 0 white_plane 0.000000 0.000000 0.000000 0.000000 0.000000 0.000000 1.000000 1.000000 1.000000
mesh_white_dot 0 white_dot 0.000000 0.000000 0.000000 0.000000 0.000000 0.000000 1.000000 1.000000 1.000000
mesh_player_dot 0 player_dot 0.000000 0.000000 0.000000 0.000000 0.000000 0.000000 1.000000 1.000000 1.000000
mesh_flag_infantry 0 flag_infantry 0.000000 0.000000 0.000000 0.000000 0.000000 0.000000 1.000000 1.000000 1.000000
mesh_flag_archers 0 flag_archers 0.000000 0.000000 0.000000 0.000000 0.000000 0.000000 1.000000 1.000000 1.000000
mesh_flag_cavalry 0 flag_cavalry 0.000000 0.000000 0.000000 0.000000 0.000000 0.000000 1.000000 1.000000 1.000000
mesh_inv_slot 0 inv_slot 0.000000 0.000000 0.000000 0.000000 0.000000 0.000000 1.000000 1.000000 1.000000
mesh_mp_inventory_left 0 mp_inventory_left 0.000000 0.000000 0.000000 0.000000 0.000000 0.000000 1.000000 1.000000 1.000000
mesh_mp_inventory_right 0 mp_inventory_right 0.000000 0.000000 0.000000 0.000000 0.000000 0.000000 1.000000 1.000000 1.000000
mesh_mp_inventory_choose 0 mp_inventory_choose 0.000000 0.000000 0.000000 0.000000 0.000000 0.000000 1.000000 1.000000 1.000000
mesh_mp_inventory_slot_glove 0 mp_inventory_slot_glove 0.000000 0.000000 0.000000 0.000000 0.000000 0.000000 1.000000 1.000000 1.000000
mesh_mp_inventory_slot_horse 0 mp_inventory_slot_horse 0.000000 0.000000 0.000000 0.000000 0.000000 0.000000 1.000000 1.000000 1.000000
mesh_mp_inventory_slot_armor 0 mp_inventory_slot_armor 0.000000 0.000000 0.000000 0.000000 0.000000 0.000000 1.000000 1.000000 1.000000
mesh_mp_inventory_slot_helmet 0 mp_inventory_slot_helmet 0.000000 0.000000 0.000000 0.000000 0.000000 0.000000 1.000000 1.000000 1.000000
mesh_mp_inventory_slot_boot 0 mp_inventory_slot_boot 0.000000 0.000000 0.000000 0.000000 0.000000 0.000000 1.000000 1.000000 1.000000
mesh_mp_inventory_slot_empty 0 mp_inventory_slot_empty 0.000000 0.000000 0.000000 0.000000 0.000000 0.000000 1.000000 1.000000 1.000000
mesh_mp_inventory_slot_equip 0 mp_inventory_slot_equip 0.000000 0.000000 0.000000 0.000000 0.000000 0.000000 1.000000 1.000000 1.000000
mesh_flag_project_sw 0 flag_project_sw 0.000000 0.000000 0.000000 0.000000 0.000000 0.000000 1.000000 1.000000 1.000000
mesh_flag_project_vg 0 flag_project_vg 0.000000 0.000000 0.000000 0.000000 0.000000 0.000000 1.000000 1.000000 1.000000
mesh_flag_project_kh 0 flag_project_kh 0.000000 0.000000 0.000000 0.000000 0.000000 0.000000 1.000000 1.000000 1.000000
mesh_flag_project_nd 0 flag_project_nd 0.000000 0.000000 0.000000 0.000000 0.000000 0.000000 1.000000 1.000000 1.000000
mesh_flag_project_rh 0 flag_project_rh 0.000000 0.000000 0.000000 0.000000 0.000000 0.000000 1.000000 1.000000 1.000000
mesh_flag_project_sr 0 flag_project_sr 0.000000 0.000000 0.000000 0.000000 0.000000 0.000000 1.000000 1.000000 1.000000
mesh_flag_projects_end 0 0 0.000000 0.000000 0.000000 0.000000 0.000000 0.000000 1.000000 1.000000 1.000000
mesh_flag_project_sw_miss 0 flag_project_sw_miss 0.000000 0.000000 0.000000 0.000000 0.000000 0.000000 1.000000 1.000000 1.000000
mesh_flag_project_vg_miss 0 flag_project_vg_miss 0.000000 0.000000 0.000000 0.000000 0.000000 0.000000 1.000000 1.000000 1.000000
mesh_flag_project_kh_miss 0 flag_project_kh_miss 0.000000 0.000000 0.000000 0.000000 0.000000 0.000000 1.000000 1.000000 1.000000
mesh_flag_project_nd_miss 0 flag_project_nd_miss 0.000000 0.000000 0.000000 0.000000 0.000000 0.000000 1.000000 1.000000 1.000000
mesh_flag_project_rh_miss 0 flag_project_rh_miss 0.000000 0.000000 0.000000 0.000000 0.000000 0.000000 1.000000 1.000000 1.000000
mesh_flag_project_sr_miss 0 flag_project_sr_miss 0.000000 0.000000 0.000000 0.000000 0.000000 0.000000 1.000000 1.000000 1.000000
mesh_flag_project_misses_end 0 0 0.000000 0.000000 0.000000 0.000000 0.000000 0.000000 1.000000 1.000000 1.000000
mesh_banner_kingdom_1 0 banner_kingdom_1 0.000000 0.000000 0.000000 -90.000000 0.000000 0.000000 1.000000 1.000000 1.000000
mesh_banner_kingdom_2 0 banner_kingdom_2 0.000000 0.000000 0.000000 -90.000000 0.000000 0.000000 1.000000 1.000000 1.000000
mesh_banner_kingdom_3 0 banner_kingdom_3 0.000000 0.000000 0.000000 -90.000000 0.000000 0.000000 1.000000 1.000000 1.000000
mesh_banner_kingdom_4 0 banner_kingdom_4 0.000000 0.000000 0.000000 -90.000000 0.000000 0.000000 1.000000 1.000000 1.000000
mesh_banner_kingdom_5 0 banner_kingdom_5 0.000000 0.000000 0.000000 -90.000000 0.000000 0.000000 1.000000 1.000000 1.000000
mesh_banner_kingdom_6 0 banner_kingdom_6 0.000000 0.000000 0.000000 -90.000000 0.000000 0.000000 1.000000 1.000000 1.000000
mesh_banner_kingdom_7 0 banner_kingdom_7 0.000000 0.000000 0.000000 -90.000000 0.000000 0.000000 1.000000 1.000000 1.000000
mesh_banner_kingdom_8 0 banner_kingdom_8 0.000000 0.000000 0.000000 -90.000000 0.000000 0.000000 1.000000 1.000000 1.000000
mesh_banner_kingdom_9 0 banner_kingdom_9 0.000000 0.000000 0.000000 -90.000000 0.000000 0.000000 1.000000 1.000000 1.000000
mesh_banner_kingdom_10 0 banner_kingdom_10 0.000000 0.000000 0.000000 -90.000000 0.000000 0.000000 1.000000 1.000000 1.000000
mesh_banner_kingdom_11 0 banner_kingdom_11 0.000000 0.000000 0.000000 -90.000000 0.000000 0.000000 1.000000 1.000000 1.000000
mesh_banner_kingdom_12 0 banner_kingdom_12 0.000000 0.000000 0.000000 -90.000000 0.000000 0.000000 1.000000 1.000000 1.000000
mesh_banner_kingdom_13 0 banner_kingdom_13 0.000000 0.000000 0.000000 -90.000000 0.000000 0.000000 1.000000 1.000000 1.000000
mesh_banner_kingdom_14 0 banner_kingdom_14 0.000000 0.000000 0.000000 -90.000000 0.000000 0.000000 1.000000 1.000000 1.000000
mesh_banner_kingdom_15 0 banner_kingdom_15 0.000000 0.000000 0.000000 -90.000000 0.000000 0.000000 1.000000 1.000000 1.000000
mesh_banner_kingdom_16 0 banner_kingdom_16 0.000000 0.000000 0.000000 -90.000000 0.000000 0.000000 1.000000 1.000000 1.000000
mesh_banner_kingdom_17 0 banner_kingdom_17 0.000000 0.000000 0.000000 -90.000000 0.000000 0.000000 1.000000 1.000000 1.000000
mesh_banner_kingdom_18 0 banner_kingdom_18 0.000000 0.000000 0.000000 -90.000000 0.000000 0.000000 1.000000 1.000000 1.000000
mesh_banner_19 0 banner_19 0.000000 0.000000 0.000000 -90.000000 0.000000 0.000000 1.000000 1.000000 1.000000
mesh_banner_20 0 banner_20 0.000000 0.000000 0.000000 -90.000000 0.000000 0.000000 1.000000 1.000000 1.000000
mesh_banner_21 0 banner_21 0.000000 0.000000 0.000000 -90.000000 0.000000 0.000000 1.000000 1.000000 1.000000
mesh_banner_22 0 banner_22 0.000000 0.000000 0.000000 -90.000000 0.000000 0.000000 1.000000 1.000000 1.000000
mesh_banner_23 0 banner_23 0.000000 0.000000 0.000000 -90.000000 0.000000 0.000000 1.000000 1.000000 1.000000
mesh_banner_24 0 banner_24 0.000000 0.000000 0.000000 -90.000000 0.000000 0.000000 1.000000 1.000000 1.000000
mesh_banner_25 0 banner_25 0.000000 0.000000 0.000000 -90.000000 0.000000 0.000000 1.000000 1.000000 1.000000
mesh_banner_26 0 banner_26 0.000000 0.000000 0.000000 -90.000000 0.000000 0.000000 1.000000 1.000000 1.000000
mesh_banner_27 0 banner_27 0.000000 0.000000 0.000000 -90.000000 0.000000 0.000000 1.000000 1.000000 1.000000
mesh_banner_28 0 banner_28 0.000000 0.000000 0.000000 -90.000000 0.000000 0.000000 1.000000 1.000000 1.000000
mesh_banner_29 0 banner_29 0.000000 0.000000 0.000000 -90.000000 0.000000 0.000000 1.000000 1.000000 1.000000
mesh_banner_30 0 banner_30 0.000000 0.000000 0.000000 -90.000000 0.000000 0.000000 1.000000 1.000000 1.000000
mesh_banner_31 0 banner_31 0.000000 0.000000 0.000000 -90.000000 0.000000 0.000000 1.000000 1.000000 1.000000
mesh_banner_32 0 banner_32 0.000000 0.000000 0.000000 -90.000000 0.000000 0.000000 1.000000 1.000000 1.000000
mesh_banner_33 0 banner_33 0.000000 0.000000 0.000000 -90.000000 0.000000 0.000000 1.000000 1.000000 1.000000
mesh_banner_34 0 banner_34 0.000000 0.000000 0.000000 -90.000000 0.000000 0.000000 1.000000 1.000000 1.000000
mesh_banner_35 0 banner_35 0.000000 0.000000 0.000000 -90.000000 0.000000 0.000000 1.000000 1.000000 1.000000
mesh_banner_36 0 banner_36 0.000000 0.000000 0.000000 -90.000000 0.000000 0.000000 1.000000 1.000000 1.000000
mesh_banner_37 0 banner_37 0.000000 0.000000 0.000000 -90.000000 0.000000 0.000000 1.000000 1.000000 1.000000
mesh_banner_38 0 banner_38 0.000000 0.000000 0.000000 -90.000000 0.000000 0.000000 1.000000 1.000000 1.000000
mesh_banner_39 0 banner_39 0.000000 0.000000 0.000000 -90.000000 0.000000 0.000000 1.000000 1.000000 1.000000
mesh_banner_40 0 banner_40 0.000000 0.000000 0.000000 -90.000000 0.000000 0.000000 1.000000 1.000000 1.000000
mesh_banner_41 0 banner_41 0.000000 0.000000 0.000000 -90.000000 0.000000 0.000000 1.000000 1.000000 1.000000
mesh_banner_42 0 banner_42 0.000000 0.000000 0.000000 -90.000000 0.000000 0.000000 1.000000 1.000000 1.000000
mesh_banner_legion_vexilium_italica_ii 0 banner_legion_vexilium_italica_ii 0.000000 0.000000 0.000000 -90.000000 0.000000 0.000000 1.000000 1.000000 1.000000
mesh_banner_legion_vexilium_scythica_iv 0 banner_legion_vexilium_scythica_iv 0.000000 0.000000 0.000000 -90.000000 0.000000 0.000000 1.000000 1.000000 1.000000
mesh_banner_legion_vexilium_fulminata_xii 0 banner_legion_vexilium_fulminata_xii 0.000000 0.000000 0.000000 -90.000000 0.000000 0.000000 1.000000 1.000000 1.000000
mesh_banner_legion_vexilium_amogus_lxix 0 banner_legion_vexilium_amogus_lxix 0.000000 0.000000 0.000000 -90.000000 0.000000 0.000000 1.000000 1.000000 1.000000
mesh_banner_legion_vexilium_minervia_i 0 banner_legion_vexilium_minervia_i 0.000000 0.000000 0.000000 -90.000000 0.000000 0.000000 1.000000 1.000000 1.000000
mesh_banner_legion_vexilium_uplia_victrix_xxx 0 banner_legion_vexilium_uplia_victrix_xxx 0.000000 0.000000 0.000000 -90.000000 0.000000 0.000000 1.000000 1.000000 1.000000
mesh_banner_legion_vexilium_biggus_dickus_cdxx 0 banner_legion_vexilium_biggus_dickus_cdxx 0.000000 0.000000 0.000000 -90.000000 0.000000 0.000000 1.000000 1.000000 1.000000
mesh_banner_legion_vexilium_texticulus_xxx 0 banner_legion_vexilium_texticulus_xxx 0.000000 0.000000 0.000000 -90.000000 0.000000 0.000000 1.000000 1.000000 1.000000
mesh_banner_legion_vexilium_parthica_i 0 banner_legion_vexilium_parthica_i 0.000000 0.000000 0.000000 -90.000000 0.000000 0.000000 1.000000 1.000000 1.000000
mesh_banner_legion_vexilium_valeria_xx 0 banner_legion_vexilium_valeria_xx 0.000000 0.000000 0.000000 -90.000000 0.000000 0.000000 1.000000 1.000000 1.000000
mesh_banner_legion_vexilium_hispania_ix 0 banner_legion_vexilium_hispania_ix 0.000000 0.000000 0.000000 -90.000000 0.000000 0.000000 1.000000 1.000000 1.000000
mesh_banner_legion_vexilium_apollinaris_xv 0 banner_legion_vexilium_apollinaris_xv 0.000000 0.000000 0.000000 -90.000000 0.000000 0.000000 1.000000 1.000000 1.000000
mesh_banner_legion_vexilium_primigenia_xxii 0 banner_legion_vexilium_primigenia_xxii 0.000000 0.000000 0.000000 -90.000000 0.000000 0.000000 1.000000 1.000000 1.000000
mesh_banner_legion_vexilium_deitoriana_xxi 0 banner_legion_vexilium_deitoriana_xxi 0.000000 0.000000 0.000000 -90.000000 0.000000 0.000000 1.000000 1.000000 1.000000
mesh_banner_legion_vexilium_gallica_xvi 0 banner_legion_vexilium_gallica_xvi 0.000000 0.000000 0.000000 -90.000000 0.000000 0.000000 1.000000 1.000000 1.000000
mesh_banner_legion_vexilium_germanica_i 0 banner_legion_vexilium_germanica_i 0.000000 0.000000 0.000000 -90.000000 0.000000 0.000000 1.000000 1.000000 1.000000
mesh_banner_legion_vexilium_praetorian 0 banner_legion_vexilium_praetorian 0.000000 0.000000 0.000000 -90.000000 0.000000 0.000000 1.000000 1.000000 1.000000
mesh_banner_legion_vexilium_adiutrix_i 0 banner_legion_vexilium_adiutrix_i 0.000000 0.000000 0.000000 -90.000000 0.000000 0.000000 1.000000 1.000000 1.000000
mesh_banner_legion_vexilium_victrix_vi 0 banner_legion_vexilium_victrix_vi 0.000000 0.000000 0.000000 -90.000000 0.000000 0.000000 1.000000 1.000000 1.000000
mesh_banner_legion_vexilium_rapax_xxi 0 banner_legion_vexilium_rapax_xxi 0.000000 0.000000 0.000000 -90.000000 0.000000 0.000000 1.000000 1.000000 1.000000
mesh_banner_legion_vexilium_alaudae_v 0 banner_legion_vexilium_alaudae_v 0.000000 0.000000 0.000000 -90.000000 0.000000 0.000000 1.000000 1.000000 1.000000
mesh_banner_legion_vexilium_augusta_iii 0 banner_legion_vexilium_augusta_iii 0.000000 0.000000 0.000000 -90.000000 0.000000 0.000000 1.000000 1.000000 1.000000
mesh_banner_legion_vexilium_claudia_xi 0 banner_legion_vexilium_claudia_xi 0.000000 0.000000 0.000000 -90.000000 0.000000 0.000000 1.000000 1.000000 1.000000
mesh_banner_legion_vexilium_ferrata_vi 0 banner_legion_vexilium_ferrata_vi 0.000000 0.000000 0.000000 -90.000000 0.000000 0.000000 1.000000 1.000000 1.000000
mesh_banner_legion_vexilium_fretensis_x 0 banner_legion_vexilium_fretensis_x 0.000000 0.000000 0.000000 -90.000000 0.000000 0.000000 1.000000 1.000000 1.000000
mesh_banner_legion_vexilium_macedonica_v 0 banner_legion_vexilium_macedonica_v 0.000000 0.000000 0.000000 -90.000000 0.000000 0.000000 1.000000 1.000000 1.000000
mesh_banner_legion_vexilium_gemina_xiii 0 banner_legion_vexilium_gemina_xiii 0.000000 0.000000 0.000000 -90.000000 0.000000 0.000000 1.000000 1.000000 1.000000
mesh_banner_legion_vexilium_galbiana_vii 0 banner_legion_vexilium_galbiana_vii 0.000000 0.000000 0.000000 -90.000000 0.000000 0.000000 1.000000 1.000000 1.000000
mesh_banner_f21 0 banner_42 0.000000 0.000000 0.000000 -90.000000 0.000000 0.000000 1.000000 1.000000 1.000000
mesh_arms_kingdom_1 0 banner_kingdom_1 0.000000 0.000000 0.000000 -90.000000 0.000000 0.000000 1.000000 1.000000 1.000000
mesh_arms_kingdom_2 0 banner_kingdom_2 0.000000 0.000000 0.000000 -90.000000 0.000000 0.000000 1.000000 1.000000 1.000000
mesh_arms_kingdom_3 0 banner_kingdom_3 0.000000 0.000000 0.000000 -90.000000 0.000000 0.000000 1.000000 1.000000 1.000000
mesh_arms_kingdom_4 0 banner_kingdom_4 0.000000 0.000000 0.000000 -90.000000 0.000000 0.000000 1.000000 1.000000 1.000000
mesh_arms_kingdom_5 0 banner_kingdom_5 0.000000 0.000000 0.000000 -90.000000 0.000000 0.000000 1.000000 1.000000 1.000000
mesh_arms_kingdom_6 0 banner_kingdom_6 0.000000 0.000000 0.000000 -90.000000 0.000000 0.000000 1.000000 1.000000 1.000000
mesh_arms_kingdom_7 0 banner_kingdom_7 0.000000 0.000000 0.000000 -90.000000 0.000000 0.000000 1.000000 1.000000 1.000000
mesh_arms_kingdom_8 0 banner_kingdom_8 0.000000 0.000000 0.000000 -90.000000 0.000000 0.000000 1.000000 1.000000 1.000000
mesh_arms_kingdom_9 0 banner_kingdom_9 0.000000 0.000000 0.000000 -90.000000 0.000000 0.000000 1.000000 1.000000 1.000000
mesh_arms_kingdom_10 0 banner_kingdom_10 0.000000 0.000000 0.000000 -90.000000 0.000000 0.000000 1.000000 1.000000 1.000000
mesh_arms_kingdom_11 0 banner_kingdom_11 0.000000 0.000000 0.000000 -90.000000 0.000000 0.000000 1.000000 1.000000 1.000000
mesh_arms_kingdom_12 0 banner_kingdom_12 0.000000 0.000000 0.000000 -90.000000 0.000000 0.000000 1.000000 1.000000 1.000000
mesh_arms_kingdom_13 0 banner_kingdom_13 0.000000 0.000000 0.000000 -90.000000 0.000000 0.000000 1.000000 1.000000 1.000000
mesh_arms_kingdom_14 0 banner_kingdom_14 0.000000 0.000000 0.000000 -90.000000 0.000000 0.000000 1.000000 1.000000 1.000000
mesh_arms_kingdom_15 0 banner_kingdom_15 0.000000 0.000000 0.000000 -90.000000 0.000000 0.000000 1.000000 1.000000 1.000000
mesh_arms_kingdom_16 0 banner_kingdom_16 0.000000 0.000000 0.000000 -90.000000 0.000000 0.000000 1.000000 1.000000 1.000000
mesh_arms_kingdom_17 0 banner_kingdom_17 0.000000 0.000000 0.000000 -90.000000 0.000000 0.000000 1.000000 1.000000 1.000000
mesh_arms_kingdom_18 0 banner_kingdom_18 0.000000 0.000000 0.000000 -90.000000 0.000000 0.000000 1.000000 1.000000 1.000000
mesh_arms_19 0 banner_19 0.000000 0.000000 0.000000 -90.000000 0.000000 0.000000 1.000000 1.000000 1.000000
mesh_arms_20 0 banner_20 0.000000 0.000000 0.000000 -90.000000 0.000000 0.000000 1.000000 1.000000 1.000000
mesh_arms_21 0 banner_21 0.000000 0.000000 0.000000 -90.000000 0.000000 0.000000 1.000000 1.000000 1.000000
mesh_arms_22 0 banner_22 0.000000 0.000000 0.000000 -90.000000 0.000000 0.000000 1.000000 1.000000 1.000000
mesh_arms_23 0 banner_23 0.000000 0.000000 0.000000 -90.000000 0.000000 0.000000 1.000000 1.000000 1.000000
mesh_arms_24 0 banner_24 0.000000 0.000000 0.000000 -90.000000 0.000000 0.000000 1.000000 1.000000 1.000000
mesh_arms_25 0 banner_25 0.000000 0.000000 0.000000 -90.000000 0.000000 0.000000 1.000000 1.000000 1.000000
mesh_arms_26 0 banner_26 0.000000 0.000000 0.000000 -90.000000 0.000000 0.000000 1.000000 1.000000 1.000000
mesh_arms_27 0 banner_27 0.000000 0.000000 0.000000 -90.000000 0.000000 0.000000 1.000000 1.000000 1.000000
mesh_arms_28 0 banner_28 0.000000 0.000000 0.000000 -90.000000 0.000000 0.000000 1.000000 1.000000 1.000000
mesh_arms_29 0 banner_29 0.000000 0.000000 0.000000 -90.000000 0.000000 0.000000 1.000000 1.000000 1.000000
mesh_arms_30 0 banner_30 0.000000 0.000000 0.000000 -90.000000 0.000000 0.000000 1.000000 1.000000 1.000000
mesh_arms_31 0 banner_31 0.000000 0.000000 0.000000 -90.000000 0.000000 0.000000 1.000000 1.000000 1.000000
mesh_arms_32 0 banner_32 0.000000 0.000000 0.000000 -90.000000 0.000000 0.000000 1.000000 1.000000 1.000000
mesh_arms_33 0 banner_33 0.000000 0.000000 0.000000 -90.000000 0.000000 0.000000 1.000000 1.000000 1.000000
mesh_arms_34 0 banner_34 0.000000 0.000000 0.000000 -90.000000 0.000000 0.000000 1.000000 1.000000 1.000000
mesh_arms_35 0 banner_35 0.000000 0.000000 0.000000 -90.000000 0.000000 0.000000 1.000000 1.000000 1.000000
mesh_arms_36 0 banner_36 0.000000 0.000000 0.000000 -90.000000 0.000000 0.000000 1.000000 1.000000 1.000000
mesh_arms_37 0 banner_37 0.000000 0.000000 0.000000 -90.000000 0.000000 0.000000 1.000000 1.000000 1.000000
mesh_arms_38 0 banner_38 0.000000 0.000000 0.000000 -90.000000 0.000000 0.000000 1.000000 1.000000 1.000000
mesh_arms_39 0 banner_39 0.000000 0.000000 0.000000 -90.000000 0.000000 0.000000 1.000000 1.000000 1.000000
mesh_arms_40 0 banner_40 0.000000 0.000000 0.000000 -90.000000 0.000000 0.000000 1.000000 1.000000 1.000000
mesh_arms_41 0 banner_41 0.000000 0.000000 0.000000 -90.000000 0.000000 0.000000 1.000000 1.000000 1.000000
mesh_arms_42 0 banner_42 0.000000 0.000000 0.000000 -90.000000 0.000000 0.000000 1.000000 1.000000 1.000000
mesh_arms_legion_vexilium_italica_ii 0 banner_legion_vexilium_italica_ii 0.000000 0.000000 0.000000 -90.000000 0.000000 0.000000 1.000000 1.000000 1.000000
mesh_arms_legion_vexilium_scythica_iv 0 banner_legion_vexilium_scythica_iv 0.000000 0.000000 0.000000 -90.000000 0.000000 0.000000 1.000000 1.000000 1.000000
mesh_arms_legion_vexilium_fulminata_xii 0 banner_legion_vexilium_fulminata_xii 0.000000 0.000000 0.000000 -90.000000 0.000000 0.000000 1.000000 1.000000 1.000000
mesh_arms_legion_vexilium_amogus_lxix 0 banner_legion_vexilium_amogus_lxix 0.000000 0.000000 0.000000 -90.000000 0.000000 0.000000 1.000000 1.000000 1.000000
mesh_arms_legion_vexilium_minervia_i 0 banner_legion_vexilium_minervia_i 0.000000 0.000000 0.000000 -90.000000 0.000000 0.000000 1.000000 1.000000 1.000000
mesh_arms_legion_vexilium_uplia_victrix_xxx 0 banner_legion_vexilium_uplia_victrix_xxx 0.000000 0.000000 0.000000 -90.000000 0.000000 0.000000 1.000000 1.000000 1.000000
mesh_arms_legion_vexilium_biggus_dickus_cdxx 0 banner_legion_vexilium_biggus_dickus_cdxx 0.000000 0.000000 0.000000 -90.000000 0.000000 0.000000 1.000000 1.000000 1.000000
mesh_arms_legion_vexilium_texticulus_xxx 0 banner_legion_vexilium_texticulus_xxx 0.000000 0.000000 0.000000 -90.000000 0.000000 0.000000 1.000000 1.000000 1.000000
mesh_arms_legion_vexilium_parthica_i 0 banner_legion_vexilium_parthica_i 0.000000 0.000000 0.000000 -90.000000 0.000000 0.000000 1.000000 1.000000 1.000000
mesh_arms_legion_vexilium_valeria_xx 0 banner_legion_vexilium_valeria_xx 0.000000 0.000000 0.000000 -90.000000 0.000000 0.000000 1.000000 1.000000 1.000000
mesh_arms_legion_vexilium_hispania_ix 0 banner_legion_vexilium_hispania_ix 0.000000 0.000000 0.000000 -90.000000 0.000000 0.000000 1.000000 1.000000 1.000000
mesh_arms_legion_vexilium_apollinaris_xv 0 banner_legion_vexilium_apollinaris_xv 0.000000 0.000000 0.000000 -90.000000 0.000000 0.000000 1.000000 1.000000 1.000000
mesh_arms_legion_vexilium_primigenia_xxii 0 banner_legion_vexilium_primigenia_xxii 0.000000 0.000000 0.000000 -90.000000 0.000000 0.000000 1.000000 1.000000 1.000000
mesh_arms_legion_vexilium_deitoriana_xxi 0 banner_legion_vexilium_deitoriana_xxi 0.000000 0.000000 0.000000 -90.000000 0.000000 0.000000 1.000000 1.000000 1.000000
mesh_arms_legion_vexilium_gallica_xvi 0 banner_legion_vexilium_gallica_xvi 0.000000 0.000000 0.000000 -90.000000 0.000000 0.000000 1.000000 1.000000 1.000000
mesh_arms_legion_vexilium_germanica_i 0 banner_legion_vexilium_germanica_i 0.000000 0.000000 0.000000 -90.000000 0.000000 0.000000 1.000000 1.000000 1.000000
mesh_arms_legion_vexilium_praetorian 0 banner_legion_vexilium_praetorian 0.000000 0.000000 0.000000 -90.000000 0.000000 0.000000 1.000000 1.000000 1.000000
mesh_arms_legion_vexilium_adiutrix_i 0 banner_legion_vexilium_adiutrix_i 0.000000 0.000000 0.000000 -90.000000 0.000000 0.000000 1.000000 1.000000 1.000000
mesh_arms_legion_vexilium_victrix_vi 0 banner_legion_vexilium_victrix_vi 0.000000 0.000000 0.000000 -90.000000 0.000000 0.000000 1.000000 1.000000 1.000000
mesh_arms_legion_vexilium_rapax_xxi 0 banner_legion_vexilium_rapax_xxi 0.000000 0.000000 0.000000 -90.000000 0.000000 0.000000 1.000000 1.000000 1.000000
mesh_arms_legion_vexilium_alaudae_v 0 banner_legion_vexilium_alaudae_v 0.000000 0.000000 0.000000 -90.000000 0.000000 0.000000 1.000000 1.000000 1.000000
mesh_arms_legion_vexilium_augusta_iii 0 banner_legion_vexilium_augusta_iii 0.000000 0.000000 0.000000 -90.000000 0.000000 0.000000 1.000000 1.000000 1.000000
mesh_arms_legion_vexilium_claudia_xi 0 banner_legion_vexilium_claudia_xi 0.000000 0.000000 0.000000 -90.000000 0.000000 0.000000 1.000000 1.000000 1.000000
mesh_arms_legion_vexilium_ferrata_vi 0 banner_legion_vexilium_ferrata_vi 0.000000 0.000000 0.000000 -90.000000 0.000000 0.000000 1.000000 1.000000 1.000000
mesh_arms_legion_vexilium_fretensis_x 0 banner_legion_vexilium_fretensis_x 0.000000 0.000000 0.000000 -90.000000 0.000000 0.000000 1.000000 1.000000 1.000000
mesh_arms_legion_vexilium_macedonica_v 0 banner_legion_vexilium_macedonica_v 0.000000 0.000000 0.000000 -90.000000 0.000000 0.000000 1.000000 1.000000 1.000000
mesh_arms_legion_vexilium_gemina_xiii 0 banner_legion_vexilium_gemina_xiii 0.000000 0.000000 0.000000 -90.000000 0.000000 0.000000 1.000000 1.000000 1.000000
mesh_arms_legion_vexilium_galbiana_vii 0 banner_legion_vexilium_galbiana_vii 0.000000 0.000000 0.000000 -90.000000 0.000000 0.000000 1.000000 1.000000 1.000000
mesh_arms_f21 0 banner_42 0.000000 0.000000 0.000000 -90.000000 0.000000 0.000000 1.000000 1.000000 1.000000
mesh_banners_default_a 0 banners_default_a 0.000000 0.000000 0.000000 -90.000000 0.000000 0.000000 1.000000 1.000000 1.000000
mesh_banners_default_b 0 banners_default_b 0.000000 0.000000 0.000000 -90.000000 0.000000 0.000000 1.000000 1.000000 1.000000
mesh_banners_default_c 0 banners_default_c 0.000000 0.000000 0.000000 -90.000000 0.000000 0.000000 1.000000 1.000000 1.000000
mesh_banners_default_d 0 banners_default_d 0.000000 0.000000 0.000000 -90.000000 0.000000 0.000000 1.000000 1.000000 1.000000
mesh_banners_default_e 0 banners_default_e 0.000000 0.000000 0.000000 -90.000000 0.000000 0.000000 1.000000 1.000000 1.000000
mesh_troop_label_banner 0 troop_label_banner 0.000000 0.000000 0.000000 0.000000 0.000000 0.000000 10.000000 10.000000 10.000000
mesh_mouse_arrow_down 0 mouse_arrow_down 0.000000 0.000000 0.000000 0.000000 0.000000 0.000000 1.000000 1.000000 1.000000
mesh_mouse_arrow_right 0 mouse_arrow_right 0.000000 0.000000 0.000000 0.000000 0.000000 0.000000 1.000000 1.000000 1.000000
mesh_mouse_arrow_left 0 mouse_arrow_left 0.000000 0.000000 0.000000 0.000000 0.000000 0.000000 1.000000 1.000000 1.000000
mesh_mouse_arrow_up 0 mouse_arrow_up 0.000000 0.000000 0.000000 0.000000 0.000000 0.000000 1.000000 1.000000 1.000000
mesh_mouse_arrow_plus 0 mouse_arrow_plus 0.000000 0.000000 0.000000 0.000000 0.000000 0.000000 1.000000 1.000000 1.000000
mesh_mouse_left_click 0 mouse_left_click 0.000000 0.000000 0.000000 0.000000 0.000000 0.000000 1.000000 1.000000 1.000000
mesh_mouse_right_click 0 mouse_right_click 0.000000 0.000000 0.000000 0.000000 0.000000 0.000000 1.000000 1.000000 1.000000
mesh_status_ammo_ready 0 status_ammo_ready 0.000000 0.000000 0.000000 0.000000 0.000000 0.000000 1.000000 1.000000 1.000000
mesh_main_menu_background 0 main_menu_nord 0.000000 0.000000 0.000000 0.000000 0.000000 0.000000 1.000000 1.000000 1.000000
mesh_loading_background 0 load_screen_2 0.000000 0.000000 0.000000 0.000000 0.000000 0.000000 1.000000 1.000000 1.000000
mesh_ui_quick_battle_a 0 ui_quick_battle_a 0.000000 0.000000 0.000000 0.000000 0.000000 0.000000 1.000000 1.000000 1.000000
mesh_white_bg_plane_a 0 white_bg_plane_a 0.000000 0.000000 0.000000 0.000000 0.000000 0.000000 1.000000 1.000000 1.000000
mesh_cb_ui_icon_empty 0 cb_ui_icon_empty 0.000000 0.000000 0.000000 0.000000 0.000000 0.000000 1.000000 1.000000 1.000000
mesh_cb_ui_icon_infantry 0 cb_ui_icon_infantry 0.000000 0.000000 0.000000 0.000000 0.000000 0.000000 1.000000 1.000000 1.000000
mesh_cb_ui_icon_archer 0 cb_ui_icon_archer 0.000000 0.000000 0.000000 0.000000 0.000000 0.000000 1.000000 1.000000 1.000000
mesh_cb_ui_icon_horseman 0 cb_ui_icon_horseman 0.000000 0.000000 0.000000 0.000000 0.000000 0.000000 1.000000 1.000000 1.000000
mesh_cb_ui_main 0 cb_ui_main 0.000000 0.000000 0.000000 0.000000 0.000000 0.000000 1.000000 1.000000 1.000000
mesh_cb_ui_maps_scene_01 0 cb_ui_maps_scene_01 0.000000 0.000000 0.000000 0.000000 0.000000 0.000000 1.000000 1.000000 1.000000
mesh_cb_ui_maps_scene_02 0 cb_ui_maps_scene_02 0.000000 0.000000 0.000000 0.000000 0.000000 0.000000 1.000000 1.000000 1.000000
mesh_cb_ui_maps_scene_03 0 cb_ui_maps_scene_03 0.000000 0.000000 0.000000 0.000000 0.000000 0.000000 1.000000 1.000000 1.000000
mesh_cb_ui_maps_scene_04 0 cb_ui_maps_scene_04 0.000000 0.000000 0.000000 0.000000 0.000000 0.000000 1.000000 1.000000 1.000000
mesh_cb_ui_maps_scene_05 0 cb_ui_maps_scene_05 0.000000 0.000000 0.000000 0.000000 0.000000 0.000000 1.000000 1.000000 1.000000
mesh_cb_ui_maps_scene_06 0 cb_ui_maps_scene_06 0.000000 0.000000 0.000000 0.000000 0.000000 0.000000 1.000000 1.000000 1.000000
mesh_cb_ui_maps_scene_07 0 cb_ui_maps_scene_07 0.000000 0.000000 0.000000 0.000000 0.000000 0.000000 1.000000 1.000000 1.000000
mesh_cb_ui_maps_scene_08 0 cb_ui_maps_scene_08 0.000000 0.000000 0.000000 0.000000 0.000000 0.000000 1.000000 1.000000 1.000000
mesh_cb_ui_maps_scene_09 0 cb_ui_maps_scene_09 0.000000 0.000000 0.000000 0.000000 0.000000 0.000000 1.000000 1.000000 1.000000
mesh_quit_adv 0 quit_adv 0.000000 0.000000 0.000000 0.000000 0.000000 0.000000 1.000000 1.000000 1.000000
mesh_quit_adv_b 0 quit_adv_b 0.000000 0.000000 0.000000 0.000000 0.000000 0.000000 1.000000 1.000000 1.000000
mesh_flag_project_rb 0 flag_project_rb 0.000000 0.000000 0.000000 0.000000 0.000000 0.000000 1.000000 1.000000 1.000000
mesh_flag_project_rb_miss 0 flag_project_rb_miss 0.000000 0.000000 0.000000 0.000000 0.000000 0.000000 1.000000 1.000000 1.000000
mesh_mp_ui_host_maps_16 0 mp_ui_host_maps_d1 0.000000 0.000000 0.000000 0.000000 0.000000 0.000000 1.000000 1.000000 1.000000
mesh_mp_ui_host_maps_17 0 mp_ui_host_maps_d2 0.000000 0.000000 0.000000 0.000000 0.000000 0.000000 1.000000 1.000000 1.000000
mesh_mp_ui_host_maps_18 0 mp_ui_host_maps_d3 0.000000 0.000000 0.000000 0.000000 0.000000 0.000000 1.000000 1.000000 1.000000
mesh_mp_ui_host_maps_19 0 mp_ui_host_maps_e2 0.000000 0.000000 0.000000 0.000000 0.000000 0.000000 1.000000 1.000000 1.000000
mesh_mp_ui_host_maps_20 0 mp_ui_host_maps_e1 0.000000 0.000000 0.000000 0.000000 0.000000 0.000000 1.000000 1.000000 1.000000
mesh_mp_ui_bg 0 mp_ui_bg 0.000000 0.000000 0.000000 0.000000 0.000000 0.000000 1.000000 1.000000 1.000000
mesh_pic_roman_nero 0 pic_roman_nero 0.000000 0.000000 0.000000 0.000000 0.000000 0.000000 1.000000 1.000000 1.000000
mesh_pic_roman_map 0 pic_roman_map 0.000000 0.000000 0.000000 0.000000 0.000000 0.000000 1.000000 1.000000 1.000000
mesh_pic_roman_punic 0 pic_roman_punic 0.000000 0.000000 0.000000 0.000000 0.000000 0.000000 1.000000 1.000000 1.000000
mesh_pic_roman_late_republic 0 pic_roman_late_republic 0.000000 0.000000 0.000000 0.000000 0.000000 0.000000 1.000000 1.000000 1.000000
mesh_pic_roman_caesar 0 pic_roman_caesar 0.000000 0.000000 0.000000 0.000000 0.000000 0.000000 1.000000 1.000000 1.000000
mesh_pic_roman_imperial 0 pic_roman_imperial 0.000000 0.000000 0.000000 0.000000 0.000000 0.000000 1.000000 1.000000 1.000000
mesh_pic_roman_kingdom 0 pic_roman_kingdom 0.000000 0.000000 0.000000 0.000000 0.000000 0.000000 1.000000 1.000000 1.000000
mesh_pic_standard 0 pic_standard 0.000000 0.000000 0.000000 0.000000 0.000000 0.000000 1.000000 1.000000 1.000000
mesh_pic_roman_triumph 0 pic_roman_triumph 0.000000 0.000000 0.000000 0.000000 0.000000 0.000000 1.000000 1.000000 1.000000
mesh_pic_roman_murder 0 pic_roman_murder 0.000000 0.000000 0.000000 0.000000 0.000000 0.000000 1.000000 1.000000 1.000000
mesh_pic_roman_decadence 0 pic_roman_decadence 0.000000 0.000000 0.000000 0.000000 0.000000 0.000000 1.000000 1.000000 1.000000
mesh_pic_roman_glory 0 pic_roman_glory 0.000000 0.000000 0.000000 0.000000 0.000000 0.000000 1.000000 1.000000 1.000000
mesh_longer_button 0 longer_button 0.000000 0.000000 0.000000 0.000000 0.000000 0.000000 0.400000 0.500000 0.500000
mesh_longer_button_down 0 longer_button_down 0.000000 0.000000 0.000000 0.000000 0.000000 0.000000 0.400000 0.500000 0.500000
mesh_message_window 0 message_window 0.000000 0.000000 0.000000 0.000000 0.000000 0.000000 0.800000 0.500000 0.500000
mesh_face_gen_window 0 face_gen_window 0.000000 0.000000 0.000000 0.000000 0.000000 0.000000 1.000000 1.000000 1.000000
mesh_options_window 0 options_window 0.000000 0.000000 0.000000 0.000000 0.000000 0.000000 1.000000 1.000000 1.000000
mesh_note_window 0 note_window 0.000000 0.000000 0.000000 0.000000 0.000000 0.000000 1.000000 1.000000 1.000000
mesh_drop_button 0 button_drop 0.000000 0.000000 0.000000 0.000000 0.000000 0.000000 1.000000 0.500000 0.500000
mesh_drop_button_down 0 button_drop_clicked 0.000000 0.000000 0.000000 0.000000 0.000000 0.000000 1.000000 0.500000 0.500000
mesh_drop_button_hl 0 button_drop_hl 0.000000 0.000000 0.000000 0.000000 0.000000 0.000000 1.000000 0.500000 0.500000
mesh_drop_button_child 0 button_drop_child 0.000000 0.000000 0.000000 0.000000 0.000000 0.000000 1.000000 0.500000 0.500000
mesh_drop_button_child_down 0 button_drop_child_clicked 0.000000 0.000000 0.000000 0.000000 0.000000 0.000000 1.000000 0.500000 0.500000
mesh_drop_button_child_hl 0 button_drop_child_hl 0.000000 0.000000 0.000000 0.000000 0.000000 0.000000 1.000000 0.500000 0.500000
mesh_inventory_equipment_panel 0 inventory_equipment_panel 0.000000 0.000000 0.000000 0.000000 0.000000 0.000000 1.000000 1.000000 1.000000
mesh_icon_morningstar 0 ico_morningstar 0.000000 0.000000 0.000000 0.000000 0.000000 0.000000 0.300000 0.300000 0.300000
mesh_icon_lance 0 ico_couchedlance 0.000000 0.000000 0.000000 0.000000 0.000000 0.000000 0.300000 0.300000 0.300000
mesh_icon_spear 0 ico_spear 0.000000 0.000000 0.000000 0.000000 0.000000 0.000000 0.300000 0.300000 0.300000
mesh_icon_bardiche 0 ico_axetwo 0.000000 0.000000 0.000000 0.000000 0.000000 0.000000 0.300000 0.300000 0.300000
mesh_order_frame 0 mp_ui_order_button 0.000000 0.000000 0.000000 0.000000 0.000000 0.000000 1.000000 1.000000 1.000000
mesh_flag_spears 0 flag_spears 0.000000 0.000000 0.000000 0.000000 0.000000 0.000000 1.000000 1.000000 1.000000
mesh_flag_skirmishers 0 flag_skirmishers 0.000000 0.000000 0.000000 0.000000 0.000000 0.000000 1.000000 1.000000 1.000000
mesh_flag_horsemen 0 flag_horsemen 0.000000 0.000000 0.000000 0.000000 0.000000 0.000000 1.000000 1.000000 1.000000
mesh_flag_d7 0 flag_d7 0.000000 0.000000 0.000000 0.000000 0.000000 0.000000 1.000000 1.000000 1.000000
mesh_flag_d8 0 flag_d8 0.000000 0.000000 0.000000 0.000000 0.000000 0.000000 1.000000 1.000000 1.000000
mesh_flag_d9 0 flag_d9 0.000000 0.000000 0.000000 0.000000 0.000000 0.000000 1.000000 1.000000 1.000000
mesh_vc_menu_board 0 menu_board 0.000000 0.000000 0.000000 0.000000 0.000000 0.000000 1.000000 1.000000 1.000000
mesh_pic_settlement_display 0 pic_settlement_display 0.000000 0.000000 0.000000 0.000000 0.000000 0.000000 1.000000 1.000000 1.000000
mesh_main_menu_dust 0 main_menu_dust 0.000000 0.000000 0.000000 0.000000 0.000000 0.000000 1.000000 1.000000 1.000000
mesh_warrider_logo 0 warrider_logo 0.000000 0.000000 0.000000 0.000000 0.000000 0.000000 1.000000 1.000000 1.000000
mesh_tableau_mesh_roman_spear_banner 0 tableau_mesh_roman_spear_banner 0.000000 0.000000 0.000000 0.000000 0.000000 0.000000 5.000000 5.000000 5.000000
mesh_background_scroll 0 background_scroll 0.000000 0.000000 0.000000 0.000000 0.000000 0.000000 0.700000 0.650000 0.600000
