partiesfile version 1
533 533
 1 0 0 p_main_party Main_Party 1048576 0 0 23 0 0 0 0 0 -48.910000 -46.540000 -48.910000 -46.540000 -48.910000 -46.540000 0.0 1 0 1 0 0 
0.000000
 1 1 1 p_temp_party {!}temp_party 256 0 0 1 0 0 0 0 0 0.000000 0.000000 0.000000 0.000000 0.000000 0.000000 0.0 0 
0.000000
 1 2 2 p_camp_bandits {!}camp_bandits 256 0 0 2 0 0 0 0 0 1.000000 1.000000 1.000000 1.000000 1.000000 1.000000 0.0 1 3 3 0 0 
0.000000
 1 3 3 p_temp_party_2 {!}temp_party_2 256 0 0 1 0 0 0 0 0 0.000000 0.000000 0.000000 0.000000 0.000000 0.000000 0.0 0 
0.000000
 1 4 4 p_temp_casualties {!}casualties 256 0 0 3 0 0 0 0 0 1.000000 1.000000 1.000000 1.000000 1.000000 1.000000 0.0 0 
0.000000
 1 5 5 p_temp_casualties_2 {!}casualties 256 0 0 3 0 0 0 0 0 1.000000 1.000000 1.000000 1.000000 1.000000 1.000000 0.0 0 
0.000000
 1 6 6 p_temp_casualties_3 {!}casualties 256 0 0 3 0 0 0 0 0 1.000000 1.000000 1.000000 1.000000 1.000000 1.000000 0.0 0 
0.000000
 1 7 7 p_temp_wounded {!}enemies_wounded 256 0 0 3 0 0 0 0 0 1.000000 1.000000 1.000000 1.000000 1.000000 1.000000 0.0 0 
0.000000
 1 8 8 p_temp_killed {!}enemies_killed 256 0 0 3 0 0 0 0 0 1.000000 1.000000 1.000000 1.000000 1.000000 1.000000 0.0 0 
0.000000
 1 9 9 p_main_party_backup {!}_ 256 0 0 3 0 0 0 0 0 1.000000 1.000000 1.000000 1.000000 1.000000 1.000000 0.0 0 
0.000000
 1 10 10 p_encountered_party_backup {!}_ 256 0 0 3 0 0 0 0 0 1.000000 1.000000 1.000000 1.000000 1.000000 1.000000 0.0 0 
0.000000
 1 11 11 p_collective_friends_backup {!}_ 256 0 0 3 0 0 0 0 0 1.000000 1.000000 1.000000 1.000000 1.000000 1.000000 0.0 0 
0.000000
 1 12 12 p_player_casualties {!}_ 256 0 0 3 0 0 0 0 0 1.000000 1.000000 1.000000 1.000000 1.000000 1.000000 0.0 0 
0.000000
 1 13 13 p_enemy_casualties {!}_ 256 0 0 3 0 0 0 0 0 1.000000 1.000000 1.000000 1.000000 1.000000 1.000000 0.0 0 
0.000000
 1 14 14 p_ally_casualties {!}_ 256 0 0 3 0 0 0 0 0 1.000000 1.000000 1.000000 1.000000 1.000000 1.000000 0.0 0 
0.000000
 1 15 15 p_collective_enemy {!}collective_enemy 256 0 0 3 0 0 0 0 0 1.000000 1.000000 1.000000 1.000000 1.000000 1.000000 0.0 0 
0.000000
 1 16 16 p_collective_ally {!}collective_ally 256 0 0 3 0 0 0 0 0 1.000000 1.000000 1.000000 1.000000 1.000000 1.000000 0.0 0 
0.000000
 1 17 17 p_collective_friends {!}collective_ally 256 0 0 3 0 0 0 0 0 1.000000 1.000000 1.000000 1.000000 1.000000 1.000000 0.0 0 
0.000000
 1 18 18 p_total_enemy_casualties {!}_ 256 0 0 3 0 0 0 0 0 1.000000 1.000000 1.000000 1.000000 1.000000 1.000000 0.0 0 
0.000000
 1 19 19 p_routed_enemies {!}routed_enemies 256 0 0 3 0 0 0 0 0 1.000000 1.000000 1.000000 1.000000 1.000000 1.000000 0.0 0 
0.000000
 1 20 20 p_zendar Zendar 2114897 0 0 3 0 0 0 0 0 18.000000 60.000000 18.000000 60.000000 18.000000 60.000000 0.0 0 
0.000000
 1 21 21 p_town_1 Deva 4219999 0 0 3 0 0 0 0 0 -220.630000 145.200000 -220.630000 145.200000 -220.630000 145.200000 0.0 0 
2.967060
 1 22 22 p_town_2 Lutetia 4219999 0 0 3 0 0 0 0 0 -190.500000 90.310000 -190.500000 90.310000 -190.500000 90.310000 0.0 0 
2.094395
 1 23 23 p_town_3 Augusta 4219999 0 0 3 0 0 0 0 0 -269.160000 38.070000 -269.160000 38.070000 -269.160000 38.070000 0.0 0 
1.396263
 1 24 24 p_town_4 Massilia 4219999 0 0 3 0 0 0 0 0 -173.820000 38.070000 -173.820000 38.070000 -173.820000 38.070000 0.0 0 
5.061455
 1 25 25 p_town_5 Mediolanum 4219999 0 0 3 0 0 0 0 0 -135.050000 55.700000 -135.050000 55.700000 -135.050000 55.700000 0.0 0 
1.570796
 1 26 26 p_town_6 Roma 4219999 0 0 3 0 0 0 0 0 -116.520000 20.290000 -116.520000 20.290000 -116.520000 20.290000 0.0 0 
2.705260
 1 27 27 p_town_7 Chersonesus 4219999 0 0 3 0 0 0 0 0 36.690000 77.400000 36.690000 77.400000 36.690000 77.400000 0.0 0 
4.188790
 1 28 28 p_town_8 Ancyra 4219999 0 0 3 0 0 0 0 0 58.950000 15.910000 58.950000 15.910000 58.950000 15.910000 0.0 0 
3.054326
 1 29 29 p_town_9 Drobeta 4219999 0 0 3 0 0 0 0 0 -29.700000 59.330000 -29.700000 59.330000 -29.700000 59.330000 0.0 0 
1.570796
 1 30 30 p_town_10 Tarsus 4219999 0 0 3 0 0 0 0 0 65.420000 -9.540000 65.420000 -9.540000 65.420000 -9.540000 0.0 0 
5.410521
 1 31 31 p_town_11 Sarmizegetuza 4219999 0 0 3 0 0 0 0 0 -24.630000 78.390000 -24.630000 78.390000 -24.630000 78.390000 0.0 0 
4.363323
 1 32 32 p_town_12 Lugdunum 4219999 0 0 3 0 0 0 0 0 -174.590000 68.580000 -174.590000 68.580000 -174.590000 68.580000 0.0 0 
0.436332
 1 33 33 p_town_13 Byzantium 4219999 0 0 3 0 0 0 0 0 8.380000 27.400000 8.380000 27.400000 8.380000 27.400000 0.0 0 
1.047198
 1 34 34 p_town_14 Phasis 4219999 0 0 3 0 0 0 0 0 105.190000 60.750000 105.190000 60.750000 105.190000 60.750000 0.0 0 
2.356194
 1 35 35 p_town_15 Tulifurdum 4219999 0 0 3 0 0 0 0 0 -139.930000 118.980000 -139.930000 118.980000 -139.930000 118.980000 0.0 0 
0.785398
 1 36 36 p_town_16 Philippopolis 4219999 0 0 3 0 0 0 0 0 -14.890000 35.200000 -14.890000 35.200000 -14.890000 35.200000 0.0 0 
0.872665
 1 37 37 p_town_17 Tigranocerta 4219999 0 0 3 0 0 0 0 0 114.940000 23.200000 114.940000 23.200000 114.940000 23.200000 0.0 0 
3.316126
 1 38 38 p_town_18 Artaxata 4219999 0 0 3 0 0 0 0 0 136.730000 51.390000 136.730000 51.390000 136.730000 51.390000 0.0 0 
2.356194
 1 39 39 p_town_19 Hierosolyma 4219999 0 0 3 0 0 0 0 0 86.675000 -55.920000 86.675000 -55.920000 86.675000 -55.920000 0.0 0 
0.785398
 1 40 40 p_town_20 Alexandria 4219999 0 0 3 0 0 0 0 0 43.930000 -71.020000 43.930000 -71.020000 43.930000 -71.020000 0.0 0 
6.457718
 1 41 41 p_town_21 Cirta 4219999 0 0 3 0 0 0 0 0 -190.150000 -45.870000 -190.150000 -45.870000 -190.150000 -45.870000 0.0 0 
5.759586
 1 42 42 p_town_22 Antiochia 4219999 0 0 3 0 0 0 0 0 80.280000 -11.960000 80.280000 -11.960000 80.280000 -11.960000 0.0 0 
3.926991
 1 43 43 p_town_23 Lupfurdum 4219999 0 0 3 0 0 0 0 0 -113.440000 138.180000 -113.440000 138.180000 -113.440000 138.180000 0.0 0 
3.926991
 1 44 44 p_town_24 Pinnata_Castra 4219999 0 0 3 0 0 0 0 0 -219.350000 181.520000 -219.350000 181.520000 -219.350000 181.520000 0.0 0 
1.937315
 1 45 45 p_town_25 Tur 4219999 0 0 3 0 0 0 0 0 -2.870000 120.030000 -2.870000 120.030000 -2.870000 120.030000 0.0 0 
3.926991
 1 46 46 p_town_26 Siracena 4219999 0 0 3 0 0 0 0 0 113.190000 110.920000 113.190000 110.920000 113.190000 110.920000 0.0 0 
3.926991
 1 47 47 p_town_27 Ctesiphon 4219999 0 0 3 0 0 0 0 0 161.600000 -19.630000 161.600000 -19.630000 161.600000 -19.630000 0.0 0 
2.356194
 1 48 48 p_town_28 Carthago 4219999 0 0 3 0 0 0 0 0 -136.020000 -32.020000 -136.020000 -32.020000 -136.020000 -32.020000 0.0 0 
3.926991
 1 49 49 p_town_29 Leptis_Magna 4219999 0 0 3 0 0 0 0 0 -92.780000 -79.310000 -92.780000 -79.310000 -92.780000 -79.310000 0.0 0 
3.926991
 1 50 50 p_town_30 Corduba 4219999 0 0 3 0 0 0 0 0 -252.630000 -6.600000 -252.630000 -6.600000 -252.630000 -6.600000 0.0 0 
3.926991
 1 51 51 p_town_31 Augusta_Emerita 4219999 0 0 3 0 0 0 0 0 -270.170000 3.940000 -270.170000 3.940000 -270.170000 3.940000 0.0 0 
3.926991
 1 52 52 p_town_32 Tarraco 4219999 0 0 3 0 0 0 0 0 -209.020000 14.570000 -209.020000 14.570000 -209.020000 14.570000 0.0 0 
0.610865
 1 53 53 p_town_33 Tarentum 4219999 0 0 3 0 0 0 0 0 -83.390000 8.380000 -83.390000 8.380000 -83.390000 8.380000 0.0 0 
3.926991
 1 54 54 p_town_34 Neapolis 4219999 0 0 3 0 0 0 0 0 -104.770000 11.830000 -104.770000 11.830000 -104.770000 11.830000 0.0 0 
3.926991
 1 55 55 p_town_35 Thessalonica 4219999 0 0 3 0 0 0 0 0 -34.880000 15.110000 -34.880000 15.110000 -34.880000 15.110000 0.0 0 
3.926991
 1 56 56 p_town_36 Dyrrachium 4219999 0 0 3 0 0 0 0 0 -61.550000 8.140000 -61.550000 8.140000 -61.550000 8.140000 0.0 0 
3.926991
 1 57 57 p_town_37 Athenae 4219999 0 0 3 0 0 0 0 0 -24.510000 -11.520000 -24.510000 -11.520000 -24.510000 -11.520000 0.0 0 
3.926991
 1 58 58 p_town_38 Nicomedia 4219999 0 0 3 0 0 0 0 0 17.490000 19.960000 17.490000 19.960000 17.490000 19.960000 0.0 0 
3.926991
 1 59 59 p_town_39 Ecbatana 4219999 0 0 3 0 0 0 0 0 168.350000 19.020000 168.350000 19.020000 168.350000 19.020000 0.0 0 
3.926991
 1 60 60 p_town_40 Dura_Europos 4219999 0 0 3 0 0 0 0 0 131.110000 -9.710000 131.110000 -9.710000 131.110000 -9.710000 0.0 0 
3.926991
 1 61 61 p_town_41 Torik 4219999 0 0 3 0 0 0 0 0 79.470000 77.170000 79.470000 77.170000 79.470000 77.170000 0.0 0 
3.926991
 1 62 62 p_town_42 Dacidava 4219999 0 0 3 0 0 0 0 0 -51.530000 68.010000 -51.530000 68.010000 -51.530000 68.010000 0.0 0 
3.926991
 1 63 63 p_town_43 Durnovaria 4219999 0 0 3 0 0 0 0 0 -225.690000 119.240000 -225.690000 119.240000 -225.690000 119.240000 0.0 0 
3.926991
 1 64 64 p_town_44 Lavatinae 4219999 0 0 3 0 0 0 0 0 -219.070000 160.730000 -219.070000 160.730000 -219.070000 160.730000 0.0 0 
2.042035
 1 65 65 p_town_45 Uburzis 4219999 0 0 3 0 0 0 0 0 -138.390000 99.940000 -138.390000 99.940000 -138.390000 99.940000 0.0 0 
3.926991
 1 66 66 p_town_46 Burdigala 4219999 0 0 3 0 0 0 0 0 -218.580000 60.930000 -218.580000 60.930000 -218.580000 60.930000 0.0 0 
3.926991
 1 67 67 p_town_47 Palmyra 4219999 0 0 3 0 0 0 0 0 109.870000 -27.790000 109.870000 -27.790000 109.870000 -27.790000 0.0 0 
3.926991
 1 68 68 p_town_48 Thebae 4219999 0 0 3 0 0 0 0 0 82.300000 -120.930000 82.300000 -120.930000 82.300000 -120.930000 0.0 0 
3.263766
 1 69 69 p_town_49 Kalissia 4219999 0 0 3 0 0 0 0 0 -69.420000 138.610000 -69.420000 138.610000 -69.420000 138.610000 0.0 0 
2.181662
 1 70 70 p_town_50 Mtskheta 4219999 0 0 3 0 0 0 0 0 135.040000 67.390000 135.040000 67.390000 135.040000 67.390000 0.0 0 
2.181662
 1 71 71 p_town_51 Nishapur 4219999 0 0 3 0 0 0 0 0 247.060000 53.030000 247.060000 53.030000 247.060000 53.030000 0.0 0 
1.047198
 1 72 72 p_town_52 Rhagae 4219999 0 0 3 0 0 0 0 0 207.740000 20.850000 207.740000 20.850000 207.740000 20.850000 0.0 0 
1.989675
 1 73 73 p_castle_1 Carthago_Nova 4215903 0 0 3 0 0 0 0 0 -227.060000 -16.370000 -227.060000 -16.370000 -227.060000 -16.370000 0.0 0 
0.872665
 1 74 74 p_castle_2 Gades 4215903 0 0 3 0 0 0 0 0 -272.280000 -15.380000 -272.280000 -15.380000 -272.280000 -15.380000 0.0 0 
1.308997
 1 75 75 p_castle_3 Araceli 4215903 0 0 3 0 0 0 0 0 -228.910000 33.710000 -228.910000 33.710000 -228.910000 33.710000 0.0 0 
1.745329
 1 76 76 p_castle_4 Vindobona 4215903 0 0 3 0 0 0 0 0 -89.010000 87.670000 -89.010000 87.670000 -89.010000 87.670000 0.0 0 
3.141593
 1 77 77 p_castle_5 Eboracum 4215903 0 0 3 0 0 0 0 0 -212.440000 152.380000 -212.440000 152.380000 -212.440000 152.380000 0.0 0 
1.570796
 1 78 78 p_castle_6 Siracusae 4215903 0 0 3 0 0 0 0 0 -95.150000 -29.950000 -95.150000 -29.950000 -95.150000 -29.950000 0.0 0 
0.959931
 1 79 79 p_castle_7 Netindava 4215903 0 0 3 0 0 0 0 0 -32.340000 106.460000 -32.340000 106.460000 -32.340000 106.460000 0.0 0 
0.785398
 1 80 80 p_castle_8 Flevum 4215903 0 0 3 0 0 0 0 0 -168.290000 140.320000 -168.290000 140.320000 -168.290000 140.320000 0.0 0 
0.523599
 1 81 81 p_castle_9 Augusta_Vindelicorum 4215903 0 0 3 0 0 0 0 0 -113.170000 92.970000 -113.170000 92.970000 -113.170000 92.970000 0.0 0 
1.745329
 1 82 82 p_castle_10 Durocortorum 4215903 0 0 3 0 0 0 0 0 -178.170000 100.390000 -178.170000 100.390000 -178.170000 100.390000 0.0 0 
1.919862
 1 83 83 p_castle_11 Genua 4215903 0 0 3 0 0 0 0 0 -142.990000 46.880000 -142.990000 46.880000 -142.990000 46.880000 0.0 0 
1.308997
 1 84 84 p_castle_12 Carnuntum 4215903 0 0 3 0 0 0 0 0 -78.610000 83.800000 -78.610000 83.800000 -78.610000 83.800000 0.0 0 
1.658063
 1 85 85 p_castle_13 Novae 4215903 0 0 3 0 0 0 0 0 -25.050000 46.720000 -25.050000 46.720000 -25.050000 46.720000 0.0 0 
2.007129
 1 86 86 p_castle_14 Venonis 4215903 0 0 3 0 0 0 0 0 -215.770000 130.470000 -215.770000 130.470000 -215.770000 130.470000 0.0 0 
1.570796
 1 87 87 p_castle_15 Tomis 4215903 0 0 3 0 0 0 0 0 0.560000 52.740000 0.560000 52.740000 0.560000 52.740000 0.0 0 
4.101524
 1 88 88 p_castle_16 Colonia_Agrippina 4215903 0 0 3 0 0 0 0 0 -162.370000 122.140000 -162.370000 122.140000 -162.370000 122.140000 0.0 0 
0.785398
 1 89 89 p_castle_17 Tiras 4215903 0 0 3 0 0 0 0 0 7.880000 80.210000 7.880000 80.210000 7.880000 80.210000 0.0 0 
0.261799
 1 90 90 p_castle_18 Petrodava 4215903 0 0 3 0 0 0 0 0 -18.420000 88.760000 -18.420000 88.760000 -18.420000 88.760000 0.0 0 
5.235988
 1 91 91 p_castle_19 Potaissa 4215903 0 0 3 0 0 0 0 0 -69.310000 81.120000 -69.310000 81.120000 -69.310000 81.120000 0.0 0 
4.886922
 1 92 92 p_castle_20 Heraclea 4215903 0 0 3 0 0 0 0 0 -62.290000 57.560000 -62.290000 57.560000 -62.290000 57.560000 0.0 0 
4.537856
 1 93 93 p_castle_21 Olbia 4215903 0 0 3 0 0 0 0 0 21.690000 89.710000 21.690000 89.710000 21.690000 89.710000 0.0 0 
4.537856
 1 94 94 p_castle_22 Nuithonum 4215903 0 0 3 0 0 0 0 0 -132.960000 137.720000 -132.960000 137.720000 -132.960000 137.720000 0.0 0 
4.537856
 1 95 95 p_castle_23 Londinium 4215903 0 0 3 0 0 0 0 0 -207.410000 126.990000 -207.410000 126.990000 -207.410000 126.990000 0.0 0 
1.396263
 1 96 96 p_castle_24 Mogontiacum 4215903 0 0 3 0 0 0 0 0 -159.800000 114.090000 -159.800000 114.090000 -159.800000 114.090000 0.0 0 
4.537856
 1 97 97 p_castle_25 Cytaea 4215903 0 0 3 0 0 0 0 0 120.580000 71.000000 120.580000 71.000000 120.580000 71.000000 0.0 0 
4.537856
 1 98 98 p_castle_26 Apsaros 4215903 0 0 3 0 0 0 0 0 102.560000 50.600000 102.560000 50.600000 102.560000 50.600000 0.0 0 
4.537856
 1 99 99 p_castle_27 Polemonion 4215903 0 0 3 0 0 0 0 0 64.200000 43.350000 64.200000 43.350000 64.200000 43.350000 0.0 0 
4.537856
 1 100 100 p_castle_28 Melitene 4215903 0 0 3 0 0 0 0 0 88.290000 22.420000 88.290000 22.420000 88.290000 22.420000 0.0 0 
4.537856
 1 101 101 p_castle_29 Viminacium 4215903 0 0 3 0 0 0 0 0 -47.000000 50.820000 -47.000000 50.820000 -47.000000 50.820000 0.0 0 
4.886922
 1 102 102 p_castle_30 Arbela 4215903 0 0 3 0 0 0 0 0 136.020000 10.760000 136.020000 10.760000 136.020000 10.760000 0.0 0 
4.537856
 1 103 103 p_castle_31 Miletus 4215903 0 0 3 0 0 0 0 0 4.860000 -8.880000 4.860000 -8.880000 4.860000 -8.880000 0.0 0 
4.537856
 1 104 104 p_castle_32 Sirmium 4215903 0 0 3 0 0 0 0 0 -83.920000 96.560000 -83.920000 96.560000 -83.920000 96.560000 0.0 0 
4.537856
 1 105 105 p_castle_33 Ekolisma 4215903 0 0 3 0 0 0 0 0 -94.770000 97.800000 -94.770000 97.800000 -94.770000 97.800000 0.0 0 
1.396263
 1 106 106 p_castle_34 Augusta_Raurica 4215903 0 0 3 0 0 0 0 0 -145.540000 83.510000 -145.540000 83.510000 -145.540000 83.510000 0.0 0 
4.537856
 1 107 107 p_castle_35 Salona 4215903 0 0 3 0 0 0 0 0 -82.381000 39.014000 -82.381000 39.014000 -82.381000 39.014000 0.0 0 
4.537856
 1 108 108 p_castle_36 Treva 4215903 0 0 3 0 0 0 0 0 -145.170000 147.060000 -145.170000 147.060000 -145.170000 147.060000 0.0 0 
4.537856
 1 109 109 p_castle_37 Troesmis 4215903 0 0 3 0 0 0 0 0 -0.850000 63.500000 -0.850000 63.500000 -0.850000 63.500000 0.0 0 
4.537856
 1 110 110 p_castle_38 Arsamosata 4215903 0 0 3 0 0 0 0 0 111.460000 38.770000 111.460000 38.770000 111.460000 38.770000 0.0 0 
4.537856
 1 111 111 p_castle_39 Singidunum 4215903 0 0 3 0 0 0 0 0 -82.590000 59.750000 -82.590000 59.750000 -82.590000 59.750000 0.0 0 
4.886922
 1 112 112 p_castle_40 Edessa 4215903 0 0 3 0 0 0 0 0 114.120000 0.800000 114.120000 0.800000 114.120000 0.800000 0.0 0 
4.537856
 1 113 113 p_castle_41 Cyrene 4215903 0 0 3 0 0 0 0 0 -40.310000 -70.710000 -40.310000 -70.710000 -40.310000 -70.710000 0.0 0 
4.537856
 1 114 114 p_castle_42 Samosata 4215903 0 0 3 0 0 0 0 0 102.120000 8.380000 102.120000 8.380000 102.120000 8.380000 0.0 0 
1.396263
 1 115 115 p_castle_43 Utica 4215903 0 0 3 0 0 0 0 0 -156.960000 -43.980000 -156.960000 -43.980000 -156.960000 -43.980000 0.0 0 
4.537856
 1 116 116 p_castle_44 Masada 4215903 0 0 3 0 0 0 0 0 89.540000 -64.410000 89.540000 -64.410000 89.540000 -64.410000 0.0 0 
4.537856
 1 117 117 p_castle_45 Jotapata 4215903 0 0 3 0 0 0 0 0 86.500000 -37.690000 86.500000 -37.690000 86.500000 -37.690000 0.0 0 
4.537856
 1 118 118 p_castle_46 Ceasarea 4215903 0 0 3 0 0 0 0 0 80.210000 -45.690000 80.210000 -45.690000 80.210000 -45.690000 0.0 0 
4.537856
 1 119 119 p_castle_47 Petra 4215903 0 0 3 0 0 0 0 0 94.170000 -72.490000 94.170000 -72.490000 94.170000 -72.490000 0.0 0 
1.396263
 1 120 120 p_castle_48 Phraspa 4215903 0 0 3 0 0 0 0 0 154.360000 22.060000 154.360000 22.060000 154.360000 22.060000 0.0 0 
1.396263
 1 121 121 p_castle_49 Tulisurquium 4215903 0 0 3 0 0 0 0 0 -152.840000 121.220000 -152.840000 121.220000 -152.840000 121.220000 0.0 0 
4.537856
 1 122 122 p_castle_50 Lugidunum 4215903 0 0 3 0 0 0 0 0 -114.990000 108.390000 -114.990000 108.390000 -114.990000 108.390000 0.0 0 
4.537856
 1 123 123 p_castle_51 Budorgis 4215903 0 0 3 0 0 0 0 0 -94.960000 125.120000 -94.960000 125.120000 -94.960000 125.120000 0.0 0 
4.537856
 1 124 124 p_castle_52 Silingum 4215903 0 0 3 0 0 0 0 0 -77.970000 122.310000 -77.970000 122.310000 -77.970000 122.310000 0.0 0 
3.490658
 1 125 125 p_castle_53 Rhetindovinum 4215903 0 0 3 0 0 0 0 0 -118.170000 98.530000 -118.170000 98.530000 -118.170000 98.530000 0.0 0 
4.537856
 1 126 126 p_castle_54 Hara 4215903 0 0 3 0 0 0 0 0 163.300000 43.560000 163.300000 43.560000 163.300000 43.560000 0.0 0 
1.745329
 1 127 127 p_castle_55 Charax_Spasinu 4215903 0 0 3 0 0 0 0 0 195.340000 -28.490000 195.340000 -28.490000 195.340000 -28.490000 0.0 0 
4.363323
 1 128 128 p_castle_56 Cababtaca 4215903 0 0 3 0 0 0 0 0 123.400000 93.530000 123.400000 93.530000 123.400000 93.530000 0.0 0 
0.785398
 1 129 129 p_castle_57 Camulodunum 4215903 0 0 3 0 0 0 0 0 -196.240000 130.820000 -196.240000 130.820000 -196.240000 130.820000 0.0 0 
2.094395
 1 130 130 p_castle_58 Bodotria 4215903 0 0 3 0 0 0 0 0 -230.260000 187.010000 -230.260000 187.010000 -230.260000 187.010000 0.0 0 
0.610865
 1 131 131 p_castle_59 Oium 4215903 0 0 3 0 0 0 0 0 -27.390000 121.640000 -27.390000 121.640000 -27.390000 121.640000 0.0 0 
0.000000
 1 132 132 p_castle_60 Truso 4215903 0 0 3 0 0 0 0 0 -74.870000 159.050000 -74.870000 159.050000 -74.870000 159.050000 0.0 0 
0.000000
 1 133 133 p_castle_61 Caralis 4215903 0 0 3 0 0 0 0 0 -142.080000 -5.860000 -142.080000 -5.860000 -142.080000 -5.860000 0.0 0 
0.000000
 1 134 134 p_castle_62 Salamis 4215903 0 0 3 0 0 0 0 0 62.500000 -26.050000 62.500000 -26.050000 62.500000 -26.050000 0.0 0 
0.000000
 1 135 135 p_castle_63 Cnossus 4215903 0 0 3 0 0 0 0 0 -5.410000 -39.030000 -5.410000 -39.030000 -5.410000 -39.030000 0.0 0 
0.000000
 1 136 136 p_castle_64 Tingis 4215903 0 0 3 0 0 0 0 0 -271.830000 -37.270000 -271.830000 -37.270000 -271.830000 -37.270000 0.0 0 
0.000000
 1 137 137 p_castle_65 Susa 4215903 0 0 3 0 0 0 0 0 193.490000 -11.090000 193.490000 -11.090000 193.490000 -11.090000 0.0 0 
0.000000
 1 138 138 p_castle_66 Themiskyra 4215903 0 0 3 0 0 0 0 0 34.490000 109.530000 34.490000 109.530000 34.490000 109.530000 0.0 0 
0.000000
 1 139 139 p_castle_67 Porulissum 4215903 0 0 3 0 0 0 0 0 -54.056000 86.253000 -54.056000 86.253000 -54.056000 86.253000 0.0 0 
0.000000
 1 140 140 p_castle_68 Derbent 4215903 0 0 3 0 0 0 0 0 140.490000 90.530000 140.490000 90.530000 140.490000 90.530000 0.0 0 
0.000000
 1 141 141 p_castle_69 Shamakha 4215903 0 0 3 0 0 0 0 0 159.490000 65.530000 159.490000 65.530000 159.490000 65.530000 0.0 0 
0.000000
 1 142 142 p_castle_70 Alashkert 4215903 0 0 3 0 0 0 0 0 124.490000 44.530000 124.490000 44.530000 124.490000 44.530000 0.0 0 
0.000000
 1 143 143 p_castle_71 Phanagoria 4215903 0 0 3 0 0 0 0 0 61.440000 83.370000 61.440000 83.370000 61.440000 83.370000 0.0 0 
0.000000
 1 144 144 p_castle_72 Sebatum 4215903 0 0 3 0 0 0 0 0 -117.440000 71.370000 -117.440000 71.370000 -117.440000 71.370000 0.0 0 
0.000000
 1 145 145 p_castle_73 Veldidena 4215903 0 0 3 0 0 0 0 0 -130.030000 76.580000 -130.030000 76.580000 -130.030000 76.580000 0.0 0 
0.000000
 1 146 146 p_castle_74 Istakhr 4215903 0 0 3 0 0 0 0 0 244.140000 -24.250000 244.140000 -24.250000 244.140000 -24.250000 0.0 0 
0.000000
 1 147 147 p_castle_75 Tabae 4215903 0 0 3 0 0 0 0 0 235.910000 1.250000 235.910000 1.250000 235.910000 1.250000 0.0 0 
0.000000
 1 148 148 p_castle_76 Elymais 4215903 0 0 3 0 0 0 0 0 214.300000 -4.150000 214.300000 -4.150000 214.300000 -4.150000 0.0 0 
0.000000
 1 149 149 p_castle_77 Karbayagan 4215903 0 0 3 0 0 0 0 0 199.910000 9.000000 199.910000 9.000000 199.910000 9.000000 0.0 0 
0.000000
 1 150 150 p_castle_78 Doclea 4215903 0 0 3 0 0 0 0 0 -60.000000 38.000000 -60.000000 38.000000 -60.000000 38.000000 0.0 0 
0.000000
 1 151 151 p_castle_79 Hormirzad 4215903 0 0 3 0 0 0 0 0 291.000000 -27.000000 291.000000 -27.000000 291.000000 -27.000000 0.0 0 
0.000000
 1 152 152 p_castle_80 Meyaneh 4215903 0 0 3 0 0 0 0 0 174.880000 31.740000 174.880000 31.740000 174.880000 31.740000 0.0 0 
0.000000
 1 153 153 p_village_1 Pengwern 17503 0 0 3 0 0 0 0 0 -227.300000 129.000000 -227.300000 129.000000 -227.300000 129.000000 0.0 0 
1.745329
 1 154 154 p_village_2 Seria_Fama_Iulia 17503 0 0 3 0 0 0 0 0 -274.100000 -3.340000 -274.100000 -3.340000 -274.100000 -3.340000 0.0 0 
1.919862
 1 155 155 p_village_3 Lindum 17503 0 0 3 0 0 0 0 0 -206.520000 146.670000 -206.520000 146.670000 -206.520000 146.670000 0.0 0 
2.268928
 1 156 156 p_village_4 Pax_Iulia 17503 0 0 3 0 0 0 0 0 -288.280000 -5.330000 -288.280000 -5.330000 -288.280000 -5.330000 0.0 0 
2.268928
 1 157 157 p_village_5 Isca_Dumnoniorum 17503 0 0 3 0 0 0 0 0 -236.760000 117.670000 -236.760000 117.670000 -236.760000 117.670000 0.0 0 
2.967060
 1 158 158 p_village_6 Cecilionicum 17503 0 0 3 0 0 0 0 0 -251.070000 21.790000 -251.070000 21.790000 -251.070000 21.790000 0.0 0 
1.745329
 1 159 159 p_village_7 Murgis 17503 0 0 3 0 0 0 0 0 -238.070000 -24.070000 -238.070000 -24.070000 -238.070000 -24.070000 0.0 0 
1.919862
 1 160 160 p_village_8 Pola 17503 0 0 3 0 0 0 0 0 -103.300000 64.230000 -103.300000 64.230000 -103.300000 64.230000 0.0 0 
2.967060
 1 161 161 p_village_9 Turla 17503 0 0 3 0 0 0 0 0 11.800000 110.050000 11.800000 110.050000 11.800000 110.050000 0.0 0 
2.094395
 1 162 162 p_village_10 Dubris 17503 0 0 3 0 0 0 0 0 -198.400000 121.830000 -198.400000 121.830000 -198.400000 121.830000 0.0 0 
2.094395
 1 163 163 p_village_11 Clepidava 17503 0 0 3 0 0 0 0 0 5.820000 88.840000 5.820000 88.840000 5.820000 88.840000 0.0 0 
1.745329
 1 164 164 p_village_12 Nymphaion 17503 0 0 3 0 0 0 0 0 35.990000 82.530000 35.990000 82.530000 35.990000 82.530000 0.0 0 
1.919862
 1 165 165 p_village_13 Valentia 17503 0 0 3 0 0 0 0 0 -220.580000 -1.170000 -220.580000 -1.170000 -220.580000 -1.170000 0.0 0 
2.094395
 1 166 166 p_village_14 Larnum 17503 0 0 3 0 0 0 0 0 -198.030000 19.570000 -198.030000 19.570000 -198.030000 19.570000 0.0 0 
2.268928
 1 167 167 p_village_15 Juliobona 17503 0 0 3 0 0 0 0 0 -198.770000 106.340000 -198.770000 106.340000 -198.770000 106.340000 0.0 0 
2.967060
 1 168 168 p_village_16 Kabillon 17503 0 0 3 0 0 0 0 0 -107.130000 105.640000 -107.130000 105.640000 -107.130000 105.640000 0.0 0 
2.967060
 1 169 169 p_village_17 Mursa 17503 0 0 3 0 0 0 0 0 -80.330000 72.360000 -80.330000 72.360000 -80.330000 72.360000 0.0 0 
0.610865
 1 170 170 p_village_18 Vizontion 17503 0 0 3 0 0 0 0 0 -29.480000 99.480000 -29.480000 99.480000 -29.480000 99.480000 0.0 0 
2.967060
 1 171 171 p_village_19 Tirana 17503 0 0 3 0 0 0 0 0 -57.230000 94.250000 -57.230000 94.250000 -57.230000 94.250000 0.0 0 
2.967060
 1 172 172 p_village_20 Parca 17503 0 0 3 0 0 0 0 0 -56.000000 60.760000 -56.000000 60.760000 -56.000000 60.760000 0.0 0 
2.967060
 1 173 173 p_village_21 Tamasidava 17503 0 0 3 0 0 0 0 0 -8.090000 74.080000 -8.090000 74.080000 -8.090000 74.080000 0.0 0 
1.745329
 1 174 174 p_village_22 Toms 17503 0 0 3 0 0 0 0 0 1.500000 72.780000 1.500000 72.780000 1.500000 72.780000 0.0 0 
1.919862
 1 175 175 p_village_23 Vendella 17503 0 0 3 0 0 0 0 0 -243.300000 30.110000 -243.300000 30.110000 -243.300000 30.110000 0.0 0 
2.094395
 1 176 176 p_village_24 Paesici 17503 0 0 3 0 0 0 0 0 -257.190000 46.180000 -257.190000 46.180000 -257.190000 46.180000 0.0 0 
2.268928
 1 177 177 p_village_25 Tanais 17503 0 0 3 0 0 0 0 0 64.850000 106.070000 64.850000 106.070000 64.850000 106.070000 0.0 0 
2.967060
 1 178 178 p_village_26 Avionum 17503 0 0 3 0 0 0 0 0 -128.970000 146.980000 -128.970000 146.980000 -128.970000 146.980000 0.0 0 
2.967060
 1 179 179 p_village_27 Mederiacum 17503 0 0 3 0 0 0 0 0 -172.240000 122.650000 -172.240000 122.650000 -172.240000 122.650000 0.0 0 
2.967060
 1 180 180 p_village_28 Panticapeum 17503 0 0 3 0 0 0 0 0 54.200000 81.500000 54.200000 81.500000 54.200000 81.500000 0.0 0 
2.967060
 1 181 181 p_village_29 Emporiae 17503 0 0 3 0 0 0 0 0 -190.860000 26.160000 -190.860000 26.160000 -190.860000 26.160000 0.0 0 
2.967060
 1 182 182 p_village_30 Vienna 17503 0 0 3 0 0 0 0 0 -174.480000 62.590000 -174.480000 62.590000 -174.480000 62.590000 0.0 0 
2.967060
 1 183 183 p_village_31 Aquae_Tarbellicae 17503 0 0 3 0 0 0 0 0 -221.370000 47.160000 -221.370000 47.160000 -221.370000 47.160000 0.0 0 
1.745329
 1 184 184 p_village_32 Novioregum 17503 0 0 3 0 0 0 0 0 -217.340000 69.700000 -217.340000 69.700000 -217.340000 69.700000 0.0 0 
1.919862
 1 185 185 p_village_33 Stobensium 17503 0 0 3 0 0 0 0 0 -38.720000 23.660000 -38.720000 23.660000 -38.720000 23.660000 0.0 0 
2.094395
 1 186 186 p_village_34 Noviomagus 17503 0 0 3 0 0 0 0 0 -207.740000 99.760000 -207.740000 99.760000 -207.740000 99.760000 0.0 0 
2.268928
 1 187 187 p_village_35 Condivincum 17503 0 0 3 0 0 0 0 0 -223.740000 80.260000 -223.740000 80.260000 -223.740000 80.260000 0.0 0 
2.967060
 1 188 188 p_village_36 Narbo_Martius 17503 0 0 3 0 0 0 0 0 -188.960000 37.780000 -188.960000 37.780000 -188.960000 37.780000 0.0 0 
2.967060
 1 189 189 p_village_37 Borysthenes 17503 0 0 3 0 0 0 0 0 31.190000 91.830000 31.190000 91.830000 31.190000 91.830000 0.0 0 
2.967060
 1 190 190 p_village_38 Nemetacum 17503 0 0 3 0 0 0 0 0 -186.340000 112.010000 -186.340000 112.010000 -186.340000 112.010000 0.0 0 
2.967060
 1 191 191 p_village_39 Batiana 17503 0 0 3 0 0 0 0 0 -174.930000 51.840000 -174.930000 51.840000 -174.930000 51.840000 0.0 0 
2.967060
 1 192 192 p_village_40 Peshmi 17503 0 0 3 0 0 0 0 0 -45.150000 80.400000 -45.150000 80.400000 -45.150000 80.400000 0.0 0 
2.967060
 1 193 193 p_village_41 Plotinopolis 17503 0 0 3 0 0 0 0 0 -6.700000 23.460000 -6.700000 23.460000 -6.700000 23.460000 0.0 0 
1.745329
 1 194 194 p_village_42 Orestia 17503 0 0 3 0 0 0 0 0 -14.030000 28.060000 -14.030000 28.060000 -14.030000 28.060000 0.0 0 
1.919862
 1 195 195 p_village_43 Pompeiopolis 17503 0 0 3 0 0 0 0 0 56.220000 31.840000 56.220000 31.840000 56.220000 31.840000 0.0 0 
2.094395
 1 196 196 p_village_44 Trapezus 17503 0 0 3 0 0 0 0 0 93.550000 41.910000 93.550000 41.910000 93.550000 41.910000 0.0 0 
2.268928
 1 197 197 p_village_45 Pergamum 17503 0 0 3 0 0 0 0 0 7.080000 3.820000 7.080000 3.820000 7.080000 3.820000 0.0 0 
2.967060
 1 198 198 p_village_46 Aleria 17503 0 0 3 0 0 0 0 0 -156.790000 137.210000 -156.790000 137.210000 -156.790000 137.210000 0.0 0 
2.967060
 1 199 199 p_village_47 Avaricum 17503 0 0 3 0 0 0 0 0 -197.560000 79.000000 -197.560000 79.000000 -197.560000 79.000000 0.0 0 
2.967060
 1 200 200 p_village_48 Tigisis 17503 0 0 3 0 0 0 0 0 -174.810000 -34.540000 -174.810000 -34.540000 -174.810000 -34.540000 0.0 0 
2.967060
 1 201 201 p_village_49 Durostor 17503 0 0 3 0 0 0 0 0 -32.060000 52.670000 -32.060000 52.670000 -32.060000 52.670000 0.0 0 
0.174533
 1 202 202 p_village_50 Olynthus 17503 0 0 3 0 0 0 0 0 -27.340000 10.700000 -27.340000 10.700000 -27.340000 10.700000 0.0 0 
2.967060
 1 203 203 p_village_51 Sidon 17503 0 0 3 0 0 0 0 0 83.980000 -31.720000 83.980000 -31.720000 83.980000 -31.720000 0.0 0 
1.745329
 1 204 204 p_village_52 Sardes 17503 0 0 3 0 0 0 0 0 27.260000 -0.030000 27.260000 -0.030000 27.260000 -0.030000 0.0 0 
1.919862
 1 205 205 p_village_53 Lilybaeum 17503 0 0 3 0 0 0 0 0 -115.830000 -20.750000 -115.830000 -20.750000 -115.830000 -20.750000 0.0 0 
2.094395
 1 206 206 p_village_54 Cenabum 17503 0 0 3 0 0 0 0 0 -202.290000 87.510000 -202.290000 87.510000 -202.290000 87.510000 0.0 0 
2.268928
 1 207 207 p_village_55 Durobrivae 17503 0 0 3 0 0 0 0 0 -207.270000 137.790000 -207.270000 137.790000 -207.270000 137.790000 0.0 0 
2.967060
 1 208 208 p_village_56 Brundisium 17503 0 0 3 0 0 0 0 0 -69.960000 6.240000 -69.960000 6.240000 -69.960000 6.240000 0.0 0 
2.967060
 1 209 209 p_village_57 Potentia 17503 0 0 3 0 0 0 0 0 -92.790000 15.020000 -92.790000 15.020000 -92.790000 15.020000 0.0 0 
2.967060
 1 210 210 p_village_58 Ancona 17503 0 0 3 0 0 0 0 0 -107.500000 28.740000 -107.500000 28.740000 -107.500000 28.740000 0.0 0 
2.967060
 1 211 211 p_village_59 Ienda 17503 0 0 3 0 0 0 0 0 -138.890000 140.310000 -138.890000 140.310000 -138.890000 140.310000 0.0 0 
2.967060
 1 212 212 p_village_60 Ravenna 17503 0 0 3 0 0 0 0 0 -120.670000 47.950000 -120.670000 47.950000 -120.670000 47.950000 0.0 0 
2.967060
 1 213 213 p_village_61 Treverorum 17503 0 0 3 0 0 0 0 0 -164.140000 105.180000 -164.140000 105.180000 -164.140000 105.180000 0.0 0 
1.745329
 1 214 214 p_village_62 Ratiaria 17503 0 0 3 0 0 0 0 0 -67.710000 53.400000 -67.710000 53.400000 -67.710000 53.400000 0.0 0 
1.745329
 1 215 215 p_village_63 Eumenia 17503 0 0 3 0 0 0 0 0 44.580000 0.820000 44.580000 0.820000 44.580000 0.820000 0.0 0 
1.745329
 1 216 216 p_village_64 Setuacotum 17503 0 0 3 0 0 0 0 0 -126.140000 112.090000 -126.140000 112.090000 -126.140000 112.090000 0.0 0 
1.745329
 1 217 217 p_village_65 Prusa 17503 0 0 3 0 0 0 0 0 22.790000 11.590000 22.790000 11.590000 22.790000 11.590000 0.0 0 
1.745329
 1 218 218 p_village_66 Phabiranum 17503 0 0 3 0 0 0 0 0 -150.030000 127.970000 -150.030000 127.970000 -150.030000 127.970000 0.0 0 
1.745329
 1 219 219 p_village_67 Narona 17503 0 0 3 0 0 0 0 0 -10.180000 58.530000 -10.180000 58.530000 -10.180000 58.530000 0.0 0 
1.745329
 1 220 220 p_village_68 Divodurum 17503 0 0 3 0 0 0 0 0 -164.070000 97.930000 -164.070000 97.930000 -164.070000 97.930000 0.0 0 
1.745329
 1 221 221 p_village_69 Phoenice 17503 0 0 3 0 0 0 0 0 -54.170000 1.060000 -54.170000 1.060000 -54.170000 1.060000 0.0 0 
1.745329
 1 222 222 p_village_70 Viviscus 17503 0 0 3 0 0 0 0 0 -157.620000 74.600000 -157.620000 74.600000 -157.620000 74.600000 0.0 0 
1.745329
 1 223 223 p_village_71 Sparta 17503 0 0 3 0 0 0 0 0 -35.080000 -19.910000 -35.080000 -19.910000 -35.080000 -19.910000 0.0 0 
0.349066
 1 224 224 p_village_72 Vorganium 17503 0 0 3 0 0 0 0 0 -233.780000 90.880000 -233.780000 90.880000 -233.780000 90.880000 0.0 0 
1.047198
 1 225 225 p_village_73 Kidonia 17503 0 0 3 0 0 0 0 0 -13.660000 -38.890000 -13.660000 -38.890000 -13.660000 -38.890000 0.0 0 
0.959931
 1 226 226 p_village_74 Iader 17503 0 0 3 0 0 0 0 0 -91.970000 42.240000 -91.970000 42.240000 -91.970000 42.240000 0.0 0 
0.261799
 1 227 227 p_village_75 Sigidun 17503 0 0 3 0 0 0 0 0 -127.530000 89.130000 -127.530000 89.130000 -127.530000 89.130000 0.0 0 
0.174533
 1 228 228 p_village_76 Zoaranda 17503 0 0 3 0 0 0 0 0 130.240000 28.190000 130.240000 28.190000 130.240000 28.190000 0.0 0 
0.610865
 1 229 229 p_village_77 Augustodunum 17503 0 0 3 0 0 0 0 0 -173.280000 80.700000 -173.280000 80.700000 -173.280000 80.700000 0.0 0 
2.792527
 1 230 230 p_village_78 Iuvavum 17503 0 0 3 0 0 0 0 0 -101.620000 87.800000 -101.620000 87.800000 -101.620000 87.800000 0.0 0 
3.141593
 1 231 231 p_village_79 Bibacum 17503 0 0 3 0 0 0 0 0 -131.860000 105.910000 -131.860000 105.910000 -131.860000 105.910000 0.0 0 
0.000000
 1 232 232 p_village_80 Noviodun 17503 0 0 3 0 0 0 0 0 -129.530000 95.940000 -129.530000 95.940000 -129.530000 95.940000 0.0 0 
0.698132
 1 233 233 p_village_81 Amorium 17503 0 0 3 0 0 0 0 0 59.430000 4.160000 59.430000 4.160000 59.430000 4.160000 0.0 0 
0.349066
 1 234 234 p_village_82 Augustonemetum 17503 0 0 3 0 0 0 0 0 -185.290000 71.010000 -185.290000 71.010000 -185.290000 71.010000 0.0 0 
1.047198
 1 235 235 p_village_83 Randea 17503 0 0 3 0 0 0 0 0 120.610000 14.700000 120.610000 14.700000 120.610000 14.700000 0.0 0 
0.959931
 1 236 236 p_village_84 Argentorate 17503 0 0 3 0 0 0 0 0 -154.050000 95.970000 -154.050000 95.970000 -154.050000 95.970000 0.0 0 
0.261799
 1 237 237 p_village_85 Iconium 17503 0 0 3 0 0 0 0 0 76.260000 5.810000 76.260000 5.810000 76.260000 5.810000 0.0 0 
0.174533
 1 238 238 p_village_86 Naissus 17503 0 0 3 0 0 0 0 0 -43.760000 39.110000 -43.760000 39.110000 -43.760000 39.110000 0.0 0 
0.610865
 1 239 239 p_village_87 Sangara 17503 0 0 3 0 0 0 0 0 153.540000 55.800000 153.540000 55.800000 153.540000 55.800000 0.0 0 
2.792527
 1 240 240 p_village_88 Attalia 17503 0 0 3 0 0 0 0 0 31.930000 -14.130000 31.930000 -14.130000 31.930000 -14.130000 0.0 0 
3.141593
 1 241 241 p_village_89 Utidava 17503 0 0 3 0 0 0 0 0 -35.030000 78.610000 -35.030000 78.610000 -35.030000 78.610000 0.0 0 
0.000000
 1 242 242 p_village_90 Coracesium 17503 0 0 3 0 0 0 0 0 46.860000 -13.230000 46.860000 -13.230000 46.860000 -13.230000 0.0 0 
0.698132
 1 243 243 p_village_91 Thapsus 17503 0 0 3 0 0 0 0 0 -131.240000 -49.430000 -131.240000 -49.430000 -131.240000 -49.430000 0.0 0 
0.349066
 1 244 244 p_village_92 Berzobis 17503 0 0 3 0 0 0 0 0 -42.470000 57.630000 -42.470000 57.630000 -42.470000 57.630000 0.0 0 
1.047198
 1 245 245 p_village_93 Sabrata 17503 0 0 3 0 0 0 0 0 162.800000 28.930000 162.800000 28.930000 162.800000 28.930000 0.0 0 
0.959931
 1 246 246 p_village_94 Gordium 17503 0 0 3 0 0 0 0 0 39.310000 19.250000 39.310000 19.250000 39.310000 19.250000 0.0 0 
0.261799
 1 247 247 p_village_95 Pelusium 17503 0 0 3 0 0 0 0 0 63.630000 -69.210000 63.630000 -69.210000 63.630000 -69.210000 0.0 0 
0.174533
 1 248 248 p_village_96 Hebron 17503 0 0 3 0 0 0 0 0 82.400000 -51.490000 82.400000 -51.490000 82.400000 -51.490000 0.0 0 
0.610865
 1 249 249 p_village_97 Gaza 17503 0 0 3 0 0 0 0 0 77.420000 -63.980000 77.420000 -63.980000 77.420000 -63.980000 0.0 0 
2.792527
 1 250 250 p_village_98 Samaria 17503 0 0 3 0 0 0 0 0 90.400000 -48.690000 90.400000 -48.690000 90.400000 -48.690000 0.0 0 
3.141593
 1 251 251 p_village_99 Circesium 17503 0 0 3 0 0 0 0 0 127.510000 -16.810000 127.510000 -16.810000 127.510000 -16.810000 0.0 0 
0.000000
 1 252 252 p_village_100 Tiberias 17503 0 0 3 0 0 0 0 0 88.800000 -42.900000 88.800000 -42.900000 88.800000 -42.900000 0.0 0 
0.698132
 1 253 253 p_village_101 Ea 17503 0 0 3 0 0 0 0 0 -83.760000 106.310000 -83.760000 106.310000 -83.760000 106.310000 0.0 0 
0.349066
 1 254 254 p_village_102 Paretonium 17503 0 0 3 0 0 0 0 0 0.340000 -77.670000 0.340000 -77.670000 0.340000 -77.670000 0.0 0 
1.047198
 1 255 255 p_village_103 Hadrumetum 17503 0 0 3 0 0 0 0 0 -134.150000 -37.650000 -134.150000 -37.650000 -134.150000 -37.650000 0.0 0 
0.959931
 1 256 256 p_village_104 Hippo_Regius 17503 0 0 3 0 0 0 0 0 -159.540000 -31.370000 -159.540000 -31.370000 -159.540000 -31.370000 0.0 0 
0.261799
 1 257 257 p_village_105 Siga 17503 0 0 3 0 0 0 0 0 -219.240000 -38.740000 -219.240000 -38.740000 -219.240000 -38.740000 0.0 0 
0.174533
 1 258 258 p_village_106 Portus_Magnus 17503 0 0 3 0 0 0 0 0 -197.380000 -33.320000 -197.380000 -33.320000 -197.380000 -33.320000 0.0 0 
0.610865
 1 259 259 p_village_107 Durostorum 17503 0 0 3 0 0 0 0 0 -6.900000 48.760000 -6.900000 48.760000 -6.900000 48.760000 0.0 0 
2.792527
 1 260 260 p_village_108 Appolonia 17503 0 0 3 0 0 0 0 0 -45.680000 -82.630000 -45.680000 -82.630000 -45.680000 -82.630000 0.0 0 
3.141593
 1 261 261 p_village_109 Elusa 17503 0 0 3 0 0 0 0 0 85.100000 -62.690000 85.100000 -62.690000 85.100000 -62.690000 0.0 0 
0.000000
 1 262 262 p_village_110 Emesa 17503 0 0 3 0 0 0 0 0 88.270000 -20.360000 88.270000 -20.360000 88.270000 -20.360000 0.0 0 
0.698132
 1 263 263 p_village_111 Arsonium 17503 0 0 3 0 0 0 0 0 -61.810000 123.870000 -61.810000 123.870000 -61.810000 123.870000 0.0 0 
0.610865
 1 264 264 p_village_112 Vidrium 17503 0 0 3 0 0 0 0 0 -88.600000 156.660000 -88.600000 156.660000 -88.600000 156.660000 0.0 0 
1.047198
 1 265 265 p_village_113 Bunitium 17503 0 0 3 0 0 0 0 0 -104.280000 148.830000 -104.280000 148.830000 -104.280000 148.830000 0.0 0 
0.959931
 1 266 266 p_village_114 Talavium 17503 0 0 3 0 0 0 0 0 -100.280000 137.830000 -100.280000 137.830000 -100.280000 137.830000 0.0 0 
0.261799
 1 267 267 p_village_115 Tava 17503 0 0 3 0 0 0 0 0 -224.260000 196.200000 -224.260000 196.200000 -224.260000 196.200000 0.0 0 
0.174533
 1 268 268 p_village_117 Trimonium 17503 0 0 3 0 0 0 0 0 -222.050000 183.610000 -222.050000 183.610000 -222.050000 183.610000 0.0 0 
2.792527
 1 269 269 p_village_118 Klota 17503 0 0 3 0 0 0 0 0 -229.690000 177.320000 -229.690000 177.320000 -229.690000 177.320000 0.0 0 
3.141593
 1 270 270 p_village_120 Azagarium 17503 0 0 3 0 0 0 0 0 -17.200000 116.790000 -17.200000 116.790000 -17.200000 116.790000 0.0 0 
0.698132
 1 271 271 p_village_121 Hygres 17503 0 0 3 0 0 0 0 0 17.870000 125.220000 17.870000 125.220000 17.870000 125.220000 0.0 0 
0.349066
 1 272 272 p_village_122 Gran 17503 0 0 3 0 0 0 0 0 -5.020000 133.160000 -5.020000 133.160000 -5.020000 133.160000 0.0 0 
1.047198
 1 273 273 p_village_123 Sinda 17503 0 0 3 0 0 0 0 0 84.780000 113.780000 84.780000 113.780000 84.780000 113.780000 0.0 0 
0.959931
 1 274 274 p_village_124 Toreta 17503 0 0 3 0 0 0 0 0 128.530000 56.860000 128.530000 56.860000 128.530000 56.860000 0.0 0 
0.261799
 1 275 275 p_village_125 Navaris 17503 0 0 3 0 0 0 0 0 112.280000 128.850000 112.280000 128.850000 112.280000 128.850000 0.0 0 
0.174533
 1 276 276 p_village_126 Archaeopolis 17503 0 0 3 0 0 0 0 0 108.200000 67.070000 108.200000 67.070000 108.200000 67.070000 0.0 0 
0.610865
 1 277 277 p_village_127 Hira 17503 0 0 3 0 0 0 0 0 174.320000 -33.230000 174.320000 -33.230000 174.320000 -33.230000 0.0 0 
2.792527
 1 278 278 p_village_128 Sostra 17503 0 0 3 0 0 0 0 0 185.630000 -27.450000 185.630000 -27.450000 185.630000 -27.450000 0.0 0 
3.141593
 1 279 279 p_village_129 Babylon 17503 0 0 3 0 0 0 0 0 160.510000 -26.980000 160.510000 -26.980000 160.510000 -26.980000 0.0 0 
0.000000
 1 280 280 p_village_130 Kerman 17503 0 0 3 0 0 0 0 0 157.560000 -8.770000 157.560000 -8.770000 157.560000 -8.770000 0.0 0 
0.698132
 1 281 281 p_village_131 Sicca_Veneria 2114655 0 0 3 0 0 0 0 0 -143.950000 -44.210000 -143.950000 -44.210000 -143.950000 -44.210000 0.0 0 
0.698132
 1 282 282 p_village_132 Siptimunicia 2114655 0 0 3 0 0 0 0 0 -137.930000 -60.960000 -137.930000 -60.960000 -137.930000 -60.960000 0.0 0 
0.698132
 1 283 283 p_village_133 Hadaura 2114655 0 0 3 0 0 0 0 0 -143.250000 -27.940000 -143.250000 -27.940000 -143.250000 -27.940000 0.0 0 
0.698132
 1 284 284 p_village_134 Sabratha 2114655 0 0 3 0 0 0 0 0 -114.270000 -73.870000 -114.270000 -73.870000 -114.270000 -73.870000 0.0 0 
0.698132
 1 285 285 p_village_135 Garbia 2114655 0 0 3 0 0 0 0 0 -100.420000 -79.260000 -100.420000 -79.260000 -100.420000 -79.260000 0.0 0 
0.698132
 1 286 286 p_village_136 Syrazur 2114655 0 0 3 0 0 0 0 0 155.350000 8.880000 155.350000 8.880000 155.350000 8.880000 0.0 0 
0.698132
 1 287 287 p_village_137 Arae_Philenorum 2114655 0 0 3 0 0 0 0 0 -76.120000 -89.330000 -76.120000 -89.330000 -76.120000 -89.330000 0.0 0 
0.698132
 1 288 288 p_village_138 Hercula 2114655 0 0 3 0 0 0 0 0 -264.290000 -24.180000 -264.290000 -24.180000 -264.290000 -24.180000 0.0 0 
0.698132
 1 289 289 p_village_139 Laminium 2114655 0 0 3 0 0 0 0 0 -257.160000 -12.410000 -257.160000 -12.410000 -257.160000 -12.410000 0.0 0 
0.698132
 1 290 290 p_village_140 Egitania 2114655 0 0 3 0 0 0 0 0 -265.570000 18.210000 -265.570000 18.210000 -265.570000 18.210000 0.0 0 
0.698132
 1 291 291 p_village_141 Metellinum 2114655 0 0 3 0 0 0 0 0 -256.460000 4.640000 -256.460000 4.640000 -256.460000 4.640000 0.0 0 
0.698132
 1 292 292 p_village_142 Felicitas_Julia 2114655 0 0 3 0 0 0 0 0 -292.670000 6.680000 -292.670000 6.680000 -292.670000 6.680000 0.0 0 
0.698132
 1 293 293 p_village_143 Eburobritium 2114655 0 0 3 0 0 0 0 0 -283.170000 16.040000 -283.170000 16.040000 -283.170000 16.040000 0.0 0 
0.698132
 1 294 294 p_village_144 Venictia 2114655 0 0 3 0 0 0 0 0 -262.800000 30.310000 -262.800000 30.310000 -262.800000 30.310000 0.0 0 
0.698132
 1 295 295 p_village_145 Limia 2114655 0 0 3 0 0 0 0 0 -278.810000 29.500000 -278.810000 29.500000 -278.810000 29.500000 0.0 0 
0.698132
 1 296 296 p_village_146 Caesaraugusta 2114655 0 0 3 0 0 0 0 0 -220.370000 24.610000 -220.370000 24.610000 -220.370000 24.610000 0.0 0 
0.698132
 1 297 297 p_village_147 Carca 2114655 0 0 3 0 0 0 0 0 -235.450000 -0.780000 -235.450000 -0.780000 -235.450000 -0.780000 0.0 0 
0.698132
 1 298 298 p_village_148 Segobriga 2114655 0 0 3 0 0 0 0 0 -234.280000 12.820000 -234.280000 12.820000 -234.280000 12.820000 0.0 0 
0.698132
 1 299 299 p_village_149 Cosentia 2114655 0 0 3 0 0 0 0 0 -81.120000 -3.280000 -81.120000 -3.280000 -81.120000 -3.280000 0.0 0 
0.698132
 1 300 300 p_village_150 Velia 2114655 0 0 3 0 0 0 0 0 -92.580000 4.340000 -92.580000 4.340000 -92.580000 4.340000 0.0 0 
0.698132
 1 301 301 p_village_151 Rhegium 2114655 0 0 3 0 0 0 0 0 -89.230000 -13.370000 -89.230000 -13.370000 -89.230000 -13.370000 0.0 0 
0.698132
 1 302 302 p_village_152 Pisae 2114655 0 0 3 0 0 0 0 0 -126.350000 36.330000 -126.350000 36.330000 -126.350000 36.330000 0.0 0 
0.698132
 1 303 303 p_village_153 Arretium 2114655 0 0 3 0 0 0 0 0 -118.200000 33.320000 -118.200000 33.320000 -118.200000 33.320000 0.0 0 
0.698132
 1 304 304 p_village_154 Frosino 2114655 0 0 3 0 0 0 0 0 -102.930000 17.190000 -102.930000 17.190000 -102.930000 17.190000 0.0 0 
0.698132
 1 305 305 p_village_155 Larissa 2114655 0 0 3 0 0 0 0 0 -36.090000 0.670000 -36.090000 0.670000 -36.090000 0.670000 0.0 0 
0.698132
 1 306 306 p_village_156 Serdica 2114655 0 0 3 0 0 0 0 0 -28.320000 22.150000 -28.320000 22.150000 -28.320000 22.150000 0.0 0 
0.698132
 1 307 307 p_village_157 Amasia 2114655 0 0 3 0 0 0 0 0 77.620000 32.340000 77.620000 32.340000 77.620000 32.340000 0.0 0 
0.698132
 1 308 308 p_village_158 Nicopolis 2114655 0 0 3 0 0 0 0 0 -18.880000 44.950000 -18.880000 44.950000 -18.880000 44.950000 0.0 0 
0.698132
 1 309 309 p_village_159 Scodra 2114655 0 0 3 0 0 0 0 0 -52.820000 16.110000 -52.820000 16.110000 -52.820000 16.110000 0.0 0 
0.698132
 1 310 310 p_village_160 Segestica 2114655 0 0 3 0 0 0 0 0 -75.360000 47.580000 -75.360000 47.580000 -75.360000 47.580000 0.0 0 
0.698132
 1 311 311 p_village_161 Corinthus 2114655 0 0 3 0 0 0 0 0 -30.390000 -13.720000 -30.390000 -13.720000 -30.390000 -13.720000 0.0 0 
0.698132
 1 312 312 p_village_162 Patrae 2114655 0 0 3 0 0 0 0 0 -39.400000 -12.420000 -39.400000 -12.420000 -39.400000 -12.420000 0.0 0 
2.111848
 1 313 313 p_village_163 Tavium 2114655 0 0 3 0 0 0 0 0 85.030000 11.240000 85.030000 11.240000 85.030000 11.240000 0.0 0 
0.698132
 1 314 314 p_village_164 Alia 2114655 0 0 3 0 0 0 0 0 89.930000 -76.960000 89.930000 -76.960000 89.930000 -76.960000 0.0 0 
0.698132
 1 315 315 p_village_165 Bithynium 2114655 0 0 3 0 0 0 0 0 41.690000 41.250000 41.690000 41.250000 41.690000 41.250000 0.0 0 
0.698132
 1 316 316 p_village_166 Ephesus 2114655 0 0 3 0 0 0 0 0 2.550000 -2.730000 2.550000 -2.730000 2.550000 -2.730000 0.0 0 
0.698132
 1 317 317 p_village_167 Takrit 2114655 0 0 3 0 0 0 0 0 142.020000 -3.620000 142.020000 -3.620000 142.020000 -3.620000 0.0 0 
0.698132
 1 318 318 p_village_168 Anatha 2114655 0 0 3 0 0 0 0 0 142.960000 -15.090000 142.960000 -15.090000 142.960000 -15.090000 0.0 0 
0.698132
 1 319 319 p_village_169 Nahavand 2114655 0 0 3 0 0 0 0 0 179.040000 6.120000 179.040000 6.120000 179.040000 6.120000 0.0 0 
0.698132
 1 320 320 p_village_170 Riskephas 2114655 0 0 3 0 0 0 0 0 139.840000 20.310000 139.840000 20.310000 139.840000 20.310000 0.0 0 
0.698132
 1 321 321 p_village_171 Hatra 2114655 0 0 3 0 0 0 0 0 127.720000 3.468000 127.720000 3.468000 127.720000 3.468000 0.0 0 
1.221730
 1 322 322 p_village_172 Kish 2114655 0 0 3 0 0 0 0 0 184.090000 -18.460000 184.090000 -18.460000 184.090000 -18.460000 0.0 0 
0.698132
 1 323 323 p_village_173 Ebirapa 2114655 0 0 3 0 0 0 0 0 102.270000 97.530000 102.270000 97.530000 102.270000 97.530000 0.0 0 
0.698132
 1 324 324 p_village_174 Dioscurias 2114655 0 0 3 0 0 0 0 0 95.510000 71.500000 95.510000 71.500000 95.510000 71.500000 0.0 0 
0.698132
 1 325 325 p_village_175 Suruba 2114655 0 0 3 0 0 0 0 0 89.000000 86.990000 89.000000 86.990000 89.000000 86.990000 0.0 0 
0.698132
 1 326 326 p_village_176 Galtis 2114655 0 0 3 0 0 0 0 0 -66.180000 70.760000 -66.180000 70.760000 -66.180000 70.760000 0.0 0 
0.698132
 1 327 327 p_village_177 Napoca 2114655 0 0 3 0 0 0 0 0 -34.780000 69.910000 -34.780000 69.910000 -34.780000 69.910000 0.0 0 
0.698132
 1 328 328 p_village_178 Sandava 2114655 0 0 3 0 0 0 0 0 -20.270000 71.990000 -20.270000 71.990000 -20.270000 71.990000 0.0 0 
0.698132
 1 329 329 p_village_179 Tyritava 2114655 0 0 3 0 0 0 0 0 -8.820000 91.700000 -8.820000 91.700000 -8.820000 91.700000 0.0 0 
0.698132
 1 330 330 p_village_180 Sorviodunum 2114655 0 0 3 0 0 0 0 0 -217.350000 121.900000 -217.350000 121.900000 -217.350000 121.900000 0.0 0 
0.698132
 1 331 331 p_village_181 Solis 2114655 0 0 3 0 0 0 0 0 -229.380000 123.880000 -229.380000 123.880000 -229.380000 123.880000 0.0 0 
0.698132
 1 332 332 p_village_182 Segontium 2114655 0 0 3 0 0 0 0 0 -230.760000 142.580000 -230.760000 142.580000 -230.760000 142.580000 0.0 0 
0.698132
 1 333 333 p_village_183 Ratae 2114655 0 0 3 0 0 0 0 0 -215.980000 139.370000 -215.980000 139.370000 -215.980000 139.370000 0.0 0 
0.698132
 1 334 334 p_village_184 Epiacum 2114655 0 0 3 0 0 0 0 0 -210.100000 158.340000 -210.100000 158.340000 -210.100000 158.340000 0.0 0 
0.698132
 1 335 335 p_village_185 Alaurus 2114655 0 0 3 0 0 0 0 0 -216.530000 171.010000 -216.530000 171.010000 -216.530000 171.010000 0.0 0 
0.698132
 1 336 336 p_village_186 Mamercus 2114655 0 0 3 0 0 0 0 0 -225.920000 162.820000 -225.920000 162.820000 -225.920000 162.820000 0.0 0 
0.698132
 1 337 337 p_village_187 Solicinium 2114655 0 0 3 0 0 0 0 0 -142.530000 92.270000 -142.530000 92.270000 -142.530000 92.270000 0.0 0 
0.698132
 1 338 338 p_village_188 Lupoduman 2114655 0 0 3 0 0 0 0 0 -145.110000 105.850000 -145.110000 105.850000 -145.110000 105.850000 0.0 0 
0.698132
 1 339 339 p_village_189 Locoritum 2114655 0 0 3 0 0 0 0 0 -138.590000 128.540000 -138.590000 128.540000 -138.590000 128.540000 0.0 0 
0.698132
 1 340 340 p_village_190 Maevium 2114655 0 0 3 0 0 0 0 0 -145.080000 115.260000 -145.080000 115.260000 -145.080000 115.260000 0.0 0 
0.698132
 1 341 341 p_village_191 Calancorum 2114655 0 0 3 0 0 0 0 0 -113.580000 120.000000 -113.580000 120.000000 -113.580000 120.000000 0.0 0 
0.698132
 1 342 342 p_village_192 Viadrus 2114655 0 0 3 0 0 0 0 0 -95.800000 110.140000 -95.800000 110.140000 -95.800000 110.140000 0.0 0 
0.698132
 1 343 343 p_village_193 Carini 2114655 0 0 3 0 0 0 0 0 -124.180000 133.000000 -124.180000 133.000000 -124.180000 133.000000 0.0 0 
0.698132
 1 344 344 p_village_194 Usbium 2114655 0 0 3 0 0 0 0 0 -105.710000 97.380000 -105.710000 97.380000 -105.710000 97.380000 0.0 0 
0.698132
 1 345 345 p_village_195 Virunum 2114655 0 0 3 0 0 0 0 0 -98.510000 77.100000 -98.510000 77.100000 -98.510000 77.100000 0.0 0 
0.698132
 1 346 346 p_village_196 Biolindum 2114655 0 0 3 0 0 0 0 0 -199.790000 59.380000 -199.790000 59.380000 -199.790000 59.380000 0.0 0 
0.698132
 1 347 347 p_village_197 Tolosa 2114655 0 0 3 0 0 0 0 0 -205.920000 42.290000 -205.920000 42.290000 -205.920000 42.290000 0.0 0 
0.698132
 1 348 348 p_village_198 Hierapolis 2114655 0 0 3 0 0 0 0 0 101.300000 -1.490000 101.300000 -1.490000 101.300000 -1.490000 0.0 0 
0.698132
 1 349 349 p_village_199 Cyrrhus 2114655 0 0 3 0 0 0 0 0 90.680000 6.680000 90.680000 6.680000 90.680000 6.680000 0.0 0 
0.698132
 1 350 350 p_village_200 Sura 2114655 0 0 3 0 0 0 0 0 116.590000 -6.880000 116.590000 -6.880000 116.590000 -6.880000 0.0 0 
2.443461
 1 351 351 p_village_201 Issus 2114655 0 0 3 0 0 0 0 0 87.410000 -5.550000 87.410000 -5.550000 87.410000 -5.550000 0.0 0 
0.698132
 1 352 352 p_village_202 Pharbaetus 2114655 0 0 3 0 0 0 0 0 57.160000 -68.790000 57.160000 -68.790000 57.160000 -68.790000 0.0 0 
0.698132
 1 353 353 p_village_203 Athribis 2114655 0 0 3 0 0 0 0 0 56.820000 -79.980000 56.820000 -79.980000 56.820000 -79.980000 0.0 0 
0.698132
 1 354 354 p_village_204 Heracleopolis 2114655 0 0 3 0 0 0 0 0 50.970000 -100.630000 50.970000 -100.630000 50.970000 -100.630000 0.0 0 
0.698132
 1 355 355 p_village_205 Hermopolis 2114655 0 0 3 0 0 0 0 0 44.590000 -76.810000 44.590000 -76.810000 44.590000 -76.810000 0.0 0 
0.698132
 1 356 356 p_village_206 Syene 2114655 0 0 3 0 0 0 0 0 85.190000 -142.440000 85.190000 -142.440000 85.190000 -142.440000 0.0 0 
0.698132
 1 357 357 p_village_207 Memphis 2114655 0 0 3 0 0 0 0 0 49.830000 -89.250000 49.830000 -89.250000 49.830000 -89.250000 0.0 0 
0.698132
 1 358 358 p_village_208 Reudignium 2114655 0 0 3 0 0 0 0 0 -129.290000 124.840000 -129.290000 124.840000 -129.290000 124.840000 0.0 0 
0.698132
 1 359 359 p_village_209 Lamoria 2114655 0 0 3 0 0 0 0 0 -129.750000 51.840000 -129.750000 51.840000 -129.750000 51.840000 0.0 0 
0.698132
 1 360 360 p_village_210 Venetia 2114655 0 0 3 0 0 0 0 0 -121.720000 58.510000 -121.720000 58.510000 -121.720000 58.510000 0.0 0 
0.698132
 1 361 361 p_village_211 Argentum 2114655 0 0 3 0 0 0 0 0 -145.520000 53.190000 -145.520000 53.190000 -145.520000 53.190000 0.0 0 
0.698132
 1 362 362 p_village_212 Satala 2114655 0 0 3 0 0 0 0 0 100.270000 31.650000 100.270000 31.650000 100.270000 31.650000 0.0 0 
0.698132
 1 363 363 p_village_213 Amazari 2114655 0 0 3 0 0 0 0 0 149.320000 63.550000 149.320000 63.550000 149.320000 63.550000 0.0 0 
0.698132
 1 364 364 p_village_214 Armanasa 2114655 0 0 3 0 0 0 0 0 117.350000 51.680000 117.350000 51.680000 117.350000 51.680000 0.0 0 
0.698132
 1 365 365 p_village_215 Naxouna 2114655 0 0 3 0 0 0 0 0 134.460000 45.460000 134.460000 45.460000 134.460000 45.460000 0.0 0 
0.698132
 1 366 366 p_village_216 Tushpa 2114655 0 0 3 0 0 0 0 0 142.000000 30.780000 142.000000 30.780000 142.000000 30.780000 0.0 0 
0.698132
 1 367 367 p_village_217 Salananias 2114655 0 0 3 0 0 0 0 0 100.760000 -16.000000 100.760000 -16.000000 100.760000 -16.000000 0.0 0 
0.698132
 1 368 368 p_village_218 Gasama 2114655 0 0 3 0 0 0 0 0 98.820000 -32.580000 98.820000 -32.580000 98.820000 -32.580000 0.0 0 
1.570796
 1 369 369 p_village_219 Resapha 2114655 0 0 3 0 0 0 0 0 114.460000 -20.210000 114.460000 -20.210000 114.460000 -20.210000 0.0 0 
0.698132
 1 370 370 p_village_220 Olana 2114655 0 0 3 0 0 0 0 0 167.470000 56.020000 167.470000 56.020000 167.470000 56.020000 0.0 0 
2.792527
 1 371 371 p_village_221 Allsania 2114655 0 0 3 0 0 0 0 0 129.180000 92.000000 129.180000 92.000000 129.180000 92.000000 0.0 0 
1.919862
 1 372 372 p_village_222 Ascaullis 2114655 0 0 3 0 0 0 0 0 -84.110000 135.730000 -84.110000 135.730000 -84.110000 135.730000 0.0 0 
1.570796
 1 373 373 p_village_223 Bez 2114655 0 0 3 0 0 0 0 0 -46.900000 131.310000 -46.900000 131.310000 -46.900000 131.310000 0.0 0 
3.141593
 1 374 374 p_village_224 Carrodunum 2114655 0 0 3 0 0 0 0 0 -67.200000 112.420000 -67.200000 112.420000 -67.200000 112.420000 0.0 0 
2.268928
 1 375 375 p_village_225 Altera 2114655 0 0 3 0 0 0 0 0 -117.320000 148.610000 -117.320000 148.610000 -117.320000 148.610000 0.0 0 
2.373648
 1 376 376 p_village_226 Aleria 2114655 0 0 3 0 0 0 0 0 -142.700000 19.380000 -142.700000 19.380000 -142.700000 19.380000 0.0 0 
2.373648
 1 377 377 p_village_227 Rhodos 2114655 0 0 3 0 0 0 0 0 14.170000 -25.250000 14.170000 -25.250000 14.170000 -25.250000 0.0 0 
2.373648
 1 378 378 p_village_228 Rusaddir 2114655 0 0 3 0 0 0 0 0 -245.960000 -46.620000 -245.960000 -46.620000 -245.960000 -46.620000 0.0 0 
2.373648
 1 379 379 p_village_229 Palma 2114655 0 0 3 0 0 0 0 0 -192.800000 -1.700000 -192.800000 -1.700000 -192.800000 -1.700000 0.0 0 
2.373648
 1 380 380 p_village_230 Hyperboria 2114655 0 0 3 0 0 0 0 0 41.840000 137.130000 41.840000 137.130000 41.840000 137.130000 0.0 0 
2.373648
 1 381 381 p_village_231 Brigetio 2114655 0 0 3 0 0 0 0 0 -43.780000 90.490000 -43.780000 90.490000 -43.780000 90.490000 0.0 0 
3.071779
 1 382 382 p_village_232 Shaporan 2114655 0 0 3 0 0 0 0 0 153.980000 75.970000 153.980000 75.970000 153.980000 75.970000 0.0 0 
3.071779
 1 383 383 p_village_233 Khorsan 2114655 0 0 3 0 0 0 0 0 170.600000 63.320000 170.600000 63.320000 170.600000 63.320000 0.0 0 
3.071779
 1 384 384 p_village_234 Zarehavan 2114655 0 0 3 0 0 0 0 0 135.600000 38.320000 135.600000 38.320000 135.600000 38.320000 0.0 0 
3.071779
 1 385 385 p_village_235 Amida 2114655 0 0 3 0 0 0 0 0 102.600000 18.320000 102.600000 18.320000 102.600000 18.320000 0.0 0 
3.071779
 1 386 386 p_village_236 Uplistsikhe 2114655 0 0 3 0 0 0 0 0 129.600000 67.320000 129.600000 67.320000 129.600000 67.320000 0.0 0 
3.071779
 1 387 387 p_village_237 Kacheti 2114655 0 0 3 0 0 0 0 0 138.600000 77.320000 138.600000 77.320000 138.600000 77.320000 0.0 0 
3.071779
 1 388 388 p_village_238 Gandzak 2114655 0 0 3 0 0 0 0 0 137.600000 61.320000 137.600000 61.320000 137.600000 61.320000 0.0 0 
3.071779
 1 389 389 p_village_239 Gorgippia 2114655 0 0 3 0 0 0 0 0 68.600000 80.320000 68.600000 80.320000 68.600000 80.320000 0.0 0 
3.071779
 1 390 390 p_village_240 Teurnia 2114655 0 0 3 0 0 0 0 0 -106.600000 74.320000 -106.600000 74.320000 -106.600000 74.320000 0.0 0 
3.071779
 1 391 391 p_village_241 Brigantium 2114655 0 0 3 0 0 0 0 0 -138.490000 74.450000 -138.490000 74.450000 -138.490000 74.450000 0.0 0 
3.071779
 1 392 392 p_village_242 Ptolemais 2114655 0 0 3 0 0 0 0 0 63.490000 -113.450000 63.490000 -113.450000 63.490000 -113.450000 0.0 0 
3.071779
 1 393 393 p_village_243 Darab-gird 2114655 0 0 3 0 0 0 0 0 260.490000 -31.450000 260.490000 -31.450000 260.490000 -31.450000 0.0 0 
3.071779
 1 394 394 p_village_244 Aspadana 2114655 0 0 3 0 0 0 0 0 217.720000 7.120000 217.720000 7.120000 217.720000 7.120000 0.0 0 
3.071779
 1 395 395 p_village_245 Orebatis 2114655 0 0 3 0 0 0 0 0 219.490000 -28.450000 219.490000 -28.450000 219.490000 -28.450000 0.0 0 
3.071779
 1 396 396 p_village_246 Artemita 2114655 0 0 3 0 0 0 0 0 167.210000 -7.840000 167.210000 -7.840000 167.210000 -7.840000 0.0 0 
1.745329
 1 397 397 p_village_247 Fereydunshahr 2114655 0 0 3 0 0 0 0 0 194.510000 -2.300000 194.510000 -2.300000 194.510000 -2.300000 0.0 0 
0.872665
 1 398 398 p_village_248 Lissus 2114655 0 0 3 0 0 0 0 0 -61.000000 26.000000 -61.000000 26.000000 -61.000000 26.000000 0.0 0 
2.094395
 1 399 399 p_village_249 Abiward 2114655 0 0 3 0 0 0 0 0 254.000000 62.000000 254.000000 62.000000 254.000000 62.000000 0.0 0 
0.436332
 1 400 400 p_village_250 Sarakhs 2114655 0 0 3 0 0 0 0 0 274.000000 56.000000 274.000000 56.000000 274.000000 56.000000 0.0 0 
3.351032
 1 401 401 p_village_251 Semnan 2114655 0 0 3 0 0 0 0 0 225.000000 34.800000 225.000000 34.800000 225.000000 34.800000 0.0 0 
4.956735
 1 402 402 p_village_252 Sari 2114655 0 0 3 0 0 0 0 0 212.680000 44.140000 212.680000 44.140000 212.680000 44.140000 0.0 0 
3.769911
 1 403 403 p_village_253 Birjand 2114655 0 0 3 0 0 0 0 0 274.210000 16.830000 274.210000 16.830000 274.210000 16.830000 0.0 0 
6.073746
 1 404 404 p_village_254 Gurgan 2114655 0 0 3 0 0 0 0 0 219.710000 57.590000 219.710000 57.590000 219.710000 57.590000 0.0 0 
0.977384
 1 405 405 p_village_255 Bampur 2114655 0 0 3 0 0 0 0 0 303.710000 -7.590000 303.710000 -7.590000 303.710000 -7.590000 0.0 0 
2.338741
 1 406 406 p_village_256 Ghazwin 2114655 0 0 3 0 0 0 0 0 186.890000 23.330000 186.890000 23.330000 186.890000 23.330000 0.0 0 
3.543018
 1 407 407 p_salt_mine Salt_Mine 2114831 0 0 3 0 0 0 0 0 14.200000 -31.000000 14.200000 -31.000000 14.200000 -31.000000 0.0 0 
0.000000
 1 408 408 p_four_ways_inn Four_Ways_Inn 2114831 0 0 3 0 0 0 0 0 4.800000 -39.599998 4.800000 -39.599998 4.800000 -39.599998 0.0 0 
0.000000
 1 409 409 p_test_scene test_scene 2114831 0 0 3 0 0 0 0 0 10.800000 -19.600000 10.800000 -19.600000 10.800000 -19.600000 0.0 0 
0.000000
 1 410 410 p_battlefields battlefields 2114831 0 0 3 0 0 0 0 0 10.800000 -16.600000 10.800000 -16.600000 10.800000 -16.600000 0.0 0 
0.000000
 1 411 411 p_dhorak_keep Dhorak_Keep 2639119 0 0 3 0 0 0 0 0 -50.000000 -58.000000 -50.000000 -58.000000 -50.000000 -58.000000 0.0 0 
0.000000
 1 412 412 p_training_ground Training_Ground 2114851 0 0 3 0 0 0 0 0 3.000000 -7.000000 3.000000 -7.000000 3.000000 -7.000000 0.0 0 
0.000000
 1 413 413 p_training_ground_1 Ludus 2118691 0 0 3 0 0 0 0 0 -155.750000 -48.880000 -155.750000 -48.880000 -155.750000 -48.880000 0.0 0 
1.745329
 1 414 414 p_training_ground_2 Ludus 2118691 0 0 3 0 0 0 0 0 -56.800000 46.640000 -56.800000 46.640000 -56.800000 46.640000 0.0 0 
1.745329
 1 415 415 p_training_ground_3 Ludus 2118691 0 0 3 0 0 0 0 0 -122.710000 27.920000 -122.710000 27.920000 -122.710000 27.920000 0.0 0 
1.745329
 1 416 416 p_training_ground_4 Ludus 2118691 0 0 3 0 0 0 0 0 -144.310000 6.730000 -144.310000 6.730000 -144.310000 6.730000 0.0 0 
1.745329
 1 417 417 p_training_ground_5 Ludus 2118691 0 0 3 0 0 0 0 0 -40.810000 -18.730000 -40.810000 -18.730000 -40.810000 -18.730000 0.0 0 
1.745329
 1 418 418 p_bridge_1 Training_Field 2119007 0 0 3 0 0 0 0 0 -125.800003 12.500000 -125.800003 12.500000 -125.800003 12.500000 0.0 0 
1.745329
 1 419 419 p_looter_spawn_point Disband_troops_(by_placing_them_on_left_screen) 1280 0 0 2 0 0 0 0 0 -40.850000 -49.710000 -40.850000 -49.710000 -40.850000 -49.710000 0.0 1 200 15 0 0 
0.000000
 1 420 420 p_steppe_bandit_spawn_point Sarmatia_Europaea 2106719 0 0 2 0 0 0 0 0 38.890000 123.080000 38.890000 123.080000 38.890000 123.080000 0.0 0 
0.000000
 1 421 421 p_steppe_bandit_spawn_point1 Scythia 2106719 0 0 2 0 0 0 0 0 -34.190000 120.450000 -34.190000 120.450000 -34.190000 120.450000 0.0 0 
0.000000
 1 422 422 p_steppe_bandit_spawn_point2 Sarmatia_Asiatica 2106719 0 0 2 0 0 0 0 0 91.450000 102.000000 91.450000 102.000000 91.450000 102.000000 0.0 0 
0.000000
 1 423 423 p_taiga_bandit_spawn_point Moesia 2106719 0 0 2 0 0 0 0 0 -54.210000 45.700000 -54.210000 45.700000 -54.210000 45.700000 0.0 0 
0.000000
 1 424 424 p_taiga_bandit_spawn_point1 Illyricum 2106719 0 0 2 0 0 0 0 0 -69.103000 29.138000 -69.103000 29.138000 -69.103000 29.138000 0.0 0 
0.000000
 1 425 425 p_taiga_bandit_spawn_point2 Dalmatia 2106719 0 0 2 0 0 0 0 0 -89.630000 48.910000 -89.630000 48.910000 -89.630000 48.910000 0.0 0 
0.000000
 1 426 426 p_forest_bandit_spawn_point Salmantica 2106719 0 0 2 0 0 0 0 0 -267.970000 13.670000 -267.970000 13.670000 -267.970000 13.670000 0.0 0 
0.000000
 1 427 427 p_forest_bandit_spawn_point1 Baetica 2106719 0 0 2 0 0 0 0 0 -251.390000 0.350000 -251.390000 0.350000 -251.390000 0.350000 0.0 0 
0.000000
 1 428 428 p_forest_bandit_spawn_point2 Tarraconensis 2106719 0 0 2 0 0 0 0 0 -232.390000 21.900000 -232.390000 21.900000 -232.390000 21.900000 0.0 0 
0.000000
 1 429 429 p_mountain_bandit_spawn_point Nabatea 2106719 0 0 2 0 0 0 0 0 108.030000 -92.010000 108.030000 -92.010000 108.030000 -92.010000 0.0 0 
0.000000
 1 430 430 p_mountain_bandit_spawn_point1 Judea 2106719 0 0 2 0 0 0 0 0 85.170000 -45.340000 85.170000 -45.340000 85.170000 -45.340000 0.0 0 
0.000000
 1 431 431 p_mountain_bandit_spawn_point2 Arabia_Petraea 2106719 0 0 2 0 0 0 0 0 108.170000 -55.790000 108.170000 -55.790000 108.170000 -55.790000 0.0 0 
0.000000
 1 432 432 p_sea_raider_spawn_point_1 Asia 2106719 0 0 2 0 0 0 0 0 21.980000 3.710000 21.980000 3.710000 21.980000 3.710000 0.0 0 
0.000000
 1 433 433 p_sea_raider_spawn_point_12 Cyrenaica 2106719 0 0 2 0 0 0 0 0 -31.480000 -79.890000 -31.480000 -79.890000 -31.480000 -79.890000 0.0 0 
0.000000
 1 434 434 p_sea_raider_spawn_point_13 Pontus 2106719 0 0 2 0 0 0 0 0 43.470000 31.930000 43.470000 31.930000 43.470000 31.930000 0.0 0 
0.000000
 1 435 435 p_sea_raider_spawn_point_2 Mauretania 2106719 0 0 2 0 0 0 0 0 -206.540000 -54.600000 -206.540000 -54.600000 -206.540000 -54.600000 0.0 0 
0.000000
 1 436 436 p_sea_raider_spawn_point_21 Numidia 2106719 0 0 2 0 0 0 0 0 -149.290000 -61.560000 -149.290000 -61.560000 -149.290000 -61.560000 0.0 0 
0.000000
 1 437 437 p_sea_raider_spawn_point_23 Africa 2106719 0 0 2 0 0 0 0 0 -115.490000 -96.560000 -115.490000 -96.560000 -115.490000 -96.560000 0.0 0 
0.000000
 1 438 438 p_desert_bandit_spawn_point Mesopotamia 2106719 0 0 2 0 0 0 0 0 160.900000 -37.800000 160.900000 -37.800000 160.900000 -37.800000 0.0 0 
0.000000
 1 439 439 p_desert_bandit_spawn_point1 Syricae_Deserta 2106719 0 0 2 0 0 0 0 0 124.860000 -34.420000 124.860000 -34.420000 124.860000 -34.420000 0.0 0 
0.000000
 1 440 440 p_desert_bandit_spawn_point2 Arabia 2106719 0 0 2 0 0 0 0 0 133.450000 -56.400000 133.450000 -56.400000 133.450000 -56.400000 0.0 0 
0.000000
 1 441 441 p_desert_bandit_spawn_point3 Nubia 2106719 0 0 2 0 0 0 0 0 85.840000 -160.560000 85.840000 -160.560000 85.840000 -160.560000 0.0 0 
0.000000
 1 442 442 p_egyptian_spawn Aegyptus 2106719 0 0 2 0 0 0 0 0 50.390000 -105.930000 50.390000 -105.930000 50.390000 -105.930000 0.0 0 
0.000000
 1 443 443 p_saka_spawn Chorasmia 2106719 0 0 2 0 0 0 0 0 255.000000 81.000000 255.000000 81.000000 255.000000 81.000000 0.0 0 
0.000000
 1 444 444 p_black_sea_pirates_spawn_1 Mare_Euxinum 2106719 0 0 2 0 0 0 0 0 44.785000 75.912000 44.785000 75.912000 44.785000 75.912000 0.0 0 
0.000000
 1 445 445 p_spawn_points_end {!}last_spawn_point 1280 0 0 1 0 0 0 0 0 0.000000 0.000000 0.000000 0.000000 0.000000 0.000000 0.0 0 
0.000000
 1 446 446 p_reserved_1 Vesuvius 2638943 0 0 1 0 0 0 0 0 -100.530000 10.900000 -100.530000 10.900000 -100.530000 10.900000 0.0 0 
0.000000
 1 447 447 p_reserved_2 Aetna 2638943 0 0 1 0 0 0 0 0 -99.720000 -20.860000 -99.720000 -20.860000 -99.720000 -20.860000 0.0 0 
0.000000
 1 448 448 p_reserved_3 {!}last_spawn_point 1280 0 0 1 0 0 0 0 0 0.000000 0.000000 0.000000 0.000000 0.000000 0.000000 0.0 0 
0.000000
 1 449 449 p_reserved_4 {!}last_spawn_point 1280 0 0 1 0 0 0 0 0 0.000000 0.000000 0.000000 0.000000 0.000000 0.000000 0.0 0 
0.000000
 1 450 450 p_reserved_5 {!}last_spawn_point 1280 0 0 1 0 0 0 0 0 0.000000 0.000000 0.000000 0.000000 0.000000 0.000000 0.0 0 
0.000000
 1 451 451 p_pillars Pillars_of_Heracles 2114594 0 0 3 0 0 0 0 0 -266.520000 -35.850000 -266.520000 -35.850000 -266.520000 -35.850000 0.0 0 
1.745329
 1 452 452 p_grave_anatolia Grave_of_Solymus 2114594 0 0 3 0 0 0 0 0 27.520000 -16.850000 27.520000 -16.850000 27.520000 -16.850000 0.0 0 
1.745329
 1 453 453 p_tarquinii Necropolis_of_Tarquinii 2114659 0 0 3 0 0 0 0 0 -120.520000 23.850000 -120.520000 23.850000 -120.520000 23.850000 0.0 0 
1.745329
 1 454 454 p_underworld Claudia's_House 2114915 0 0 3 0 0 0 0 0 -102.850000 -22.080000 -102.850000 -22.080000 -102.850000 -22.080000 0.0 0 
1.745329
 1 455 455 p_forest Dark_Forest 2114599 0 0 3 0 0 0 0 0 -222.840000 136.610000 -222.840000 136.610000 -222.840000 136.610000 0.0 0 
3.141593
 1 456 456 p_german_temple_1 Baduhenna_sanctuary 2114589 0 0 3 0 0 0 0 0 -158.960000 130.590000 -158.960000 130.590000 -158.960000 130.590000 0.0 0 
1.047198
 1 457 457 p_german_temple_2 Dunraz_sanctuary 2114589 0 0 3 0 0 0 0 0 -123.740000 104.270000 -123.740000 104.270000 -123.740000 104.270000 0.0 0 
2.617994
 1 458 458 p_german_temple_3 Frijo_sanctuary 2114589 0 0 3 0 0 0 0 0 -103.270000 126.480000 -103.270000 126.480000 -103.270000 126.480000 0.0 0 
0.698132
 1 459 459 p_slavic_holy_side_1 Sleza 2114599 0 0 3 0 0 0 0 0 -90.660000 115.060000 -90.660000 115.060000 -90.660000 115.060000 0.0 0 
2.373648
 1 460 460 p_stone_henge Andraste_sanctuary 2114591 0 0 3 0 0 0 0 0 -216.610000 124.920000 -216.610000 124.920000 -216.610000 124.920000 0.0 0 
1.745329
 1 461 461 p_stone_henge_2 Maponos_sanctuary 2114591 0 0 3 0 0 0 0 0 -234.900000 133.150000 -234.900000 133.150000 -234.900000 133.150000 0.0 0 
1.745329
 1 462 462 p_dacian_holy_side_1 Temple_of_Gebeleizis 2114592 0 0 3 0 0 0 0 0 -25.890000 75.080000 -25.890000 75.080000 -25.890000 75.080000 0.0 0 
1.605703
 1 463 463 p_dacian_holy_side_2 Temple_of_Zalmoxis 2114592 0 0 3 0 0 0 0 0 -36.560000 90.240000 -36.560000 90.240000 -36.560000 90.240000 0.0 0 
3.700098
 1 464 464 p_sarmatian_holy_side_1 Altar_of_Goitosuros 2114599 0 0 3 0 0 0 0 0 -3.240000 113.400000 -3.240000 113.400000 -3.240000 113.400000 0.0 0 
3.141593
 1 465 465 p_sarmatian_holy_side_2 Altar_of_Artimpasa 2114599 0 0 3 0 0 0 0 0 98.490000 119.880000 98.490000 119.880000 98.490000 119.880000 0.0 0 
3.141593
 1 466 466 p_caucasian_holy_side_1 Temple_of_Mihr 2114592 0 0 3 0 0 0 0 0 133.840000 53.410000 133.840000 53.410000 133.840000 53.410000 0.0 0 
3.141593
 1 467 467 p_caucasian_holy_side_2 Altar_of_Armazi 2114599 0 0 3 0 0 0 0 0 118.030000 75.530000 118.030000 75.530000 118.030000 75.530000 0.0 0 
3.141593
 1 468 468 p_persian_holy_side_1 Fire_of_Azar_Barzin 2114593 0 0 3 0 0 0 0 0 260.000000 47.070000 260.000000 47.070000 260.000000 47.070000 0.0 0 
0.523599
 1 469 469 p_persian_holy_side_2 Fire_of_Bardneshandeh 2114593 0 0 3 0 0 0 0 0 204.080000 -6.760000 204.080000 -6.760000 204.080000 -6.760000 0.0 0 
4.677482
 1 470 470 p_arabian_holy_side_1 Temple_of_Al-Lat 2114592 0 0 3 0 0 0 0 0 126.980000 -107.610000 126.980000 -107.610000 126.980000 -107.610000 0.0 0 
3.141593
 1 471 471 p_african_holy_side_1 Holy_cave_of_Ifri 2114594 0 0 3 0 0 0 0 0 -195.790000 -55.240000 -195.790000 -55.240000 -195.790000 -55.240000 0.0 0 
2.094395
 1 472 472 p_african_holy_side_2 Temple_of_Ammon 2114592 0 0 3 0 0 0 0 0 -17.920000 -128.970000 -17.920000 -128.970000 -17.920000 -128.970000 0.0 0 
1.745329
 1 473 473 p_african_holy_side_3 Lion-Temple_of_Apedemak 2114592 0 0 3 0 0 0 0 0 105.570000 -181.180000 105.570000 -181.180000 105.570000 -181.180000 0.0 0 
2.652900
 1 474 474 p_end_temple Sandlerland 2114831 0 0 3 0 0 0 0 0 4.800000 -39.599998 4.800000 -39.599998 4.800000 -39.599998 0.0 0 
0.000000
 1 475 475 p_pyramids Pyramids 2114572 0 0 3 0 0 0 0 0 45.570000 -87.080000 45.570000 -87.080000 45.570000 -87.080000 0.0 0 
0.000000
 1 476 476 p_olympia Olympia 2114573 0 0 3 0 0 0 0 0 -42.060000 -15.620000 -42.060000 -15.620000 -42.060000 -15.620000 0.0 0 
0.000000
 1 477 477 p_delphi Delphi 2114592 0 0 3 0 0 0 0 0 -39.560000 -5.290000 -39.560000 -5.290000 -39.560000 -5.290000 0.0 0 
3.141593
 1 478 478 p_ferry_1a ferry_station 2114649 0 0 3 0 0 0 0 0 6.310000 26.160000 6.310000 26.160000 6.310000 26.160000 0.0 0 
0.610865
 1 479 479 p_ferry_2a ferry_station 2114649 0 0 3 0 0 0 0 0 -19.520000 -37.150000 -19.520000 -37.150000 -19.520000 -37.150000 0.0 0 
0.785398
 1 480 480 p_ferry_3a ferry_station 2114649 0 0 3 0 0 0 0 0 -204.590000 106.100000 -204.590000 106.100000 -204.590000 106.100000 0.0 0 
0.000000
 1 481 481 p_ferry_4a ferry_station 2114649 0 0 3 0 0 0 0 0 -94.120000 -16.220000 -94.120000 -16.220000 -94.120000 -16.220000 0.0 0 
1.570796
 1 482 482 p_ferry_5a ferry_station 2114649 0 0 3 0 0 0 0 0 -255.230000 -39.660000 -255.230000 -39.660000 -255.230000 -39.660000 0.0 0 
0.000000
 1 483 483 p_ferry_1b ferry_station 2114649 0 0 3 0 0 0 0 0 12.000000 21.910000 12.000000 21.910000 12.000000 21.910000 0.0 0 
0.610865
 1 484 484 p_ferry_2b ferry_station 2114649 0 0 3 0 0 0 0 0 -24.540000 -20.770000 -24.540000 -20.770000 -24.540000 -20.770000 0.0 0 
0.785398
 1 485 485 p_ferry_3b ferry_station 2114649 0 0 3 0 0 0 0 0 -206.120000 118.650000 -206.120000 118.650000 -206.120000 118.650000 0.0 0 
0.000000
 1 486 486 p_ferry_4b ferry_station 2114649 0 0 3 0 0 0 0 0 -90.410000 -16.120000 -90.410000 -16.120000 -90.410000 -16.120000 0.0 0 
0.000000
 1 487 487 p_ferry_5b ferry_station 2114649 0 0 3 0 0 0 0 0 -249.500000 -24.690000 -249.500000 -24.690000 -249.500000 -24.690000 0.0 0 
2.356194
 1 488 488 p_transporter Transporter 540954 0 0 3 0 0 0 0 0 0.000000 0.000000 0.000000 0.000000 0.000000 0.000000 0.0 1 51 5 0 0 
0.000000
 1 489 489 p_landing_point landing_point 2638943 0 0 3 0 0 0 0 0 -51.690000 -43.860000 -51.690000 -43.860000 -51.690000 -43.860000 0.0 0 
0.000000
 1 490 490 p_jetty_1a jetty_station 2638943 0 0 3 0 0 0 0 0 7.340000 19.460000 7.340000 19.460000 7.340000 19.460000 0.0 0 
0.610865
 1 491 491 p_jetty_2a jetty_station 2638943 0 0 3 0 0 0 0 0 -20.460000 -37.460000 -20.460000 -37.460000 -20.460000 -37.460000 0.0 0 
0.785398
 1 492 492 p_jetty_3a jetty_station 2638943 0 0 3 0 0 0 0 0 -205.470000 104.210000 -205.470000 104.210000 -205.470000 104.210000 0.0 0 
0.000000
 1 493 493 p_jetty_4a jetty_station 2638943 0 0 3 0 0 0 0 0 -95.900000 -31.470000 -95.900000 -31.470000 -95.900000 -31.470000 0.0 0 
1.570796
 1 494 494 p_jetty_3b jetty_station 2638943 0 0 3 0 0 0 0 0 -207.060000 118.920000 -207.060000 118.920000 -207.060000 118.920000 0.0 0 
0.000000
 1 495 495 p_jetty_4c jetty_station 2638943 0 0 3 0 0 0 0 0 -253.360000 -40.160000 -253.360000 -40.160000 -253.360000 -40.160000 0.0 0 
0.000000
 1 496 496 p_jetty_5c jetty_station 2638943 0 0 3 0 0 0 0 0 -250.420000 -24.890000 -250.420000 -24.890000 -250.420000 -24.890000 0.0 0 
0.000000
 1 497 497 p_jetty_6d jetty_station 2638943 0 0 3 0 0 0 0 0 -143.430000 18.310000 -143.430000 18.310000 -143.430000 18.310000 0.0 0 
0.000000
 1 498 498 p_jetty_7e jetty_station 2638943 0 0 3 0 0 0 0 0 -140.730000 -6.510000 -140.730000 -6.510000 -140.730000 -6.510000 0.0 0 
0.000000
 1 499 499 p_jetty_8e jetty_station 2638943 0 0 3 0 0 0 0 0 14.470000 -27.200000 14.470000 -27.200000 14.470000 -27.200000 0.0 0 
0.000000
 1 500 500 p_jetty_9e jetty_station 2638943 0 0 3 0 0 0 0 0 64.610000 -25.160000 64.610000 -25.160000 64.610000 -25.160000 0.0 0 
0.000000
 1 501 501 p_jetty_10e jetty_station 2638943 0 0 3 0 0 0 0 0 79.950000 -44.250000 79.950000 -44.250000 79.950000 -44.250000 0.0 0 
0.000000
 1 502 502 p_jetty_11e jetty_station 2638943 0 0 3 0 0 0 0 0 3.840000 -9.540000 3.840000 -9.540000 3.840000 -9.540000 0.0 0 
0.000000
 1 503 503 p_jetty_12f jetty_station 2638943 0 0 3 0 0 0 0 0 -196.420000 -1.000000 -196.420000 -1.000000 -196.420000 -1.000000 0.0 0 
0.000000
 1 504 504 p_jetty_13 jetty_station 2638943 0 0 3 0 0 0 0 0 66.420000 44.000000 66.420000 44.000000 66.420000 44.000000 0.0 0 
0.000000
 1 505 505 p_jetty_14 jetty_station 2638943 0 0 3 0 0 0 0 0 -42.940000 -71.810000 -42.940000 -71.810000 -42.940000 -71.810000 0.0 0 
0.000000
 1 506 506 p_jetty_15 jetty_station 2638943 0 0 3 0 0 0 0 0 59.450000 83.480000 59.450000 83.480000 59.450000 83.480000 0.0 0 
0.000000
 1 507 507 p_jetty_end jetty_station 2639199 0 0 3 0 0 0 0 0 -129.850006 -18.719999 -129.850006 -18.719999 -129.850006 -18.719999 0.0 0 
2.356194
 1 508 508 p_follower_party Follower_Party 2114898 0 0 3 0 0 0 0 0 -23.879999 -71.629997 -23.879999 -71.629997 -23.879999 -71.629997 0.0 0 
2.356194
 1 509 509 p_lighthouse lighthouse 2638930 0 0 3 0 0 0 0 0 41.580000 -71.150000 41.580000 -71.150000 41.580000 -71.150000 0.0 0 
2.356194
 1 510 510 p_caves_of_bacchus Caves_of_Dionysus 2114594 0 0 3 0 0 0 0 0 -92.950000 20.740000 -92.950000 20.740000 -92.950000 20.740000 0.0 0 
4.694936
 1 511 511 p_sacred_grove Old_grave 2114591 0 0 3 0 0 0 0 0 -240.740000 -15.010000 -240.740000 -15.010000 -240.740000 -15.010000 0.0 0 
4.694936
 1 512 512 p_sacred_grove_2 Sacred_forest 2114855 0 0 3 0 0 0 0 0 -137.030000 107.230000 -137.030000 107.230000 -137.030000 107.230000 0.0 0 
3.141593
 1 513 513 p_royal_tombs Royal_Macedonian_tombs 2114599 0 0 3 0 0 0 0 0 -43.480000 13.680000 -43.480000 13.680000 -43.480000 13.680000 0.0 0 
3.141593
 1 514 514 p_mount_olymp Mons_Olympus 2114599 0 0 3 0 0 0 0 0 -38.380000 7.960000 -38.380000 7.960000 -38.380000 7.960000 0.0 0 
3.141593
 1 515 515 p_old_mine Old_mine 2114599 0 0 3 0 0 0 0 0 -275.720000 45.670000 -275.720000 45.670000 -275.720000 45.670000 0.0 3 51 50 0 0 60 50 0 0 61 50 0 0 
3.141593
 1 516 516 p_holy_lance_cave Montes_Sinai 2098216 0 0 3 0 0 0 0 0 78.770000 -77.540000 78.770000 -77.540000 78.770000 -77.540000 0.0 0 
0.000000
 1 517 517 p_valley_of_elah Vallis_Elae 2098216 0 0 3 0 0 0 0 0 85.675000 -60.000000 85.675000 -60.000000 85.675000 -60.000000 0.0 0 
0.000000
 1 518 518 p_gaetulian_town_1 Larbas 4219945 0 0 70 0 0 0 0 0 -230.630000 -62.980000 -230.630000 -62.980000 -230.630000 -62.980000 0.0 0 
0.000000
 1 519 519 p_garmantian_town_1 Garama 4219947 0 0 69 0 0 0 0 0 -110.410000 -146.350000 -110.410000 -146.350000 -110.410000 -146.350000 0.0 0 
0.000000
 1 520 520 p_arabian_town_1 Hegra 4219946 0 0 71 0 0 0 0 0 138.400000 -115.810000 138.400000 -115.810000 138.400000 -115.810000 0.0 0 
0.000000
 1 521 521 p_nubian_town_1 Meroe 4219949 0 0 72 0 0 0 0 0 101.970000 -187.420000 101.970000 -187.420000 101.970000 -187.420000 0.0 0 
0.000000
 1 522 522 p_irish_town_1 Dun_Ailinne 4219919 0 0 73 0 0 0 0 0 -252.730000 151.970000 -252.730000 151.970000 -252.730000 151.970000 0.0 0 
0.000000
 1 523 523 p_danish_town_1 Alabu 4219919 0 0 74 0 0 0 0 0 -144.940000 165.810000 -144.940000 165.810000 -144.940000 165.810000 0.0 0 
0.000000
 1 524 524 p_slavic_town_1 Gelonos 4219919 0 0 75 0 0 0 0 0 -41.110000 145.880000 -41.110000 145.880000 -41.110000 145.880000 0.0 0 
0.000000
 1 525 525 p_georgian_town_1 Seraca 4219919 0 0 76 0 0 0 0 0 124.380000 80.700000 124.380000 80.700000 124.380000 80.700000 0.0 0 
0.000000
 1 526 526 p_dahae_town_1 Kath 4219919 0 0 77 0 0 0 0 0 233.000000 87.000000 233.000000 87.000000 233.000000 87.000000 0.0 0 
0.000000
 1 527 527 p_sartemis Hanging_Gardens_of_Babylon 2114657 0 0 3 0 0 0 0 0 164.160000 -24.180000 164.160000 -24.180000 164.160000 -24.180000 0.0 0 
1.570796
 1 528 528 p_island Cythnus 2114590 0 0 3 0 0 0 0 0 -16.550000 -17.710000 -16.550000 -17.710000 -16.550000 -17.710000 0.0 0 
1.570796
 1 529 529 p_langobard_landing Lugian_Camp 2114855 0 0 3 0 0 0 0 0 -80.500000 150.900000 -80.500000 150.900000 -80.500000 150.900000 0.0 0 
1.570796
 1 530 530 p_kurgan Old_burial_mound 2114855 0 0 3 0 0 0 0 0 276.077000 90.409000 276.077000 90.409000 276.077000 90.409000 0.0 1 92 100 0 0 
2.356194
 1 531 531 p_temple_of_rhodogune Ruins_of_Zamb 2114855 0 0 3 0 0 0 0 0 163.638000 14.726000 163.638000 14.726000 163.638000 14.726000 0.0 0 
1.832596
 1 532 532 p_vally_of_kings Valley_of_the_Kings 2114658 0 0 3 0 0 0 0 0 72.670000 -124.380000 72.670000 -124.380000 72.670000 -124.380000 0.0 0 
0.000000
