triggersfile version 1
43
0.000000 0.000000 100000000.000000  0  17 1 1 936748722493063227 6 3 1224979098644774912 648518346341351445 648518346341351831 4 0 33 3 1224979098644774912 648518346341351577 648518346341351831 1 2 936748722493063487 1224979098644774912 3 0 1 2 936748722493063489 1224979098644774912 501 3 1224979098644774912 83 72057594037927937 501 3 1224979098644774912 152 72057594037927938 501 3 1224979098644774912 84 72057594037927939 3 0 6 3 1224979098644774912 648518346341351941 648518346341351950 1 2 936748722493063489 1224979098644774912 501 3 1224979098644774912 83 72057594037927937 501 3 1224979098644774912 152 72057594037927938 501 3 1224979098644774912 84 72057594037927939 3 0 
24.000000 0.000000 100000000.000000  9 200 1 504403158265495637 546 3 504403158265495637 14 3 540 3 360287970189640674 2 6 540 3 360287970189640753 2 6 526 3 1224979098644774912 504403158265495637 15 32 2 1224979098644774912 -1 2272 1 1224979098644774913 2106 2 1224979098644774913 1224979098644774912 30 2 1224979098644774913 14  2 1 4 936748722493063395 864691128455136206 0 0 506 3 504403158265495637 15 -1 
24.000000 0.000000 100000000.000000  11 31 2 144115188075856852 1 1073741855 2 144115188075856788 1 1073741855 2 144115188075856788 0 31 2 144115188075856788 2 2270 1 1224979098644774912 1 3 936748722493063198 0 1224979098644774912 30 2 72057594037927938 68 540 3 694 2 2 2204 2 1224979098644774913 648518346341351450 31 2 1224979098644774913 432345564227567646 542 3 432345564227567646 14 0  1 1 4 936748722493063395 864691128455136396 0 0 
24.000000 0.000000 100000000.000000  4 2272 1 1224979098644774912 2147484208 3 360287970189641624 73 1224979098644774912 2147484188 3 360287970189641624 73 0 2147484188 3 360287970189641624 73 -1  1 1 4 936748722493063395 864691128455136397 0 0 
24.000000 0.000000 100000000.000000  16 2149 2 1224979098644774912 360287970189639680 30 2 1224979098644774912 200000 560 3 360287970189641624 62 5 560 3 360287970189639680 7 200 540 3 360287970189639680 183 432345564227567630 2147483681 3 144115188075856921 432345564227567639 432345564227567667 200 1 504403158265495637 200 1 504403158265495653 2147484190 3 432345564227567639 14 0 2133 2 1224979098644774913 0 4 0 31 2 144115188075856788 3 2147483848 1 504403158265495653 2133 2 1224979098644774913 1 3 0 31 2 1224979098644774913 0  1 1 4 936748722493063395 864691128455136370 0 0 
0.000000 168.000000 0.000000  0  66 2270 1 144115188075855872 2105 2 144115188075855872 168 4 0 31 2 144115188075856191 0 2133 2 144115188075855873 1 900 1 1513209474796486675 4 0 32 2 144115188075855949 75000 1 4 936748722493063395 864691128455135557 20 0 3 0 4 0 520 3 1224979098644774912 360287970189639680 103 30 2 1224979098644774912 0 2106 2 1224979098644774912 125000 2111 2 1224979098644774912 0 500 3 360287970189639680 103 1224979098644774912 3 0 3 0 6 3 1224979098644774913 432345564227567640 432345564227567667 542 3 1224979098644774913 14 0 2147484190 3 1224979098644774913 10 360287970189639680 542 3 1224979098644774913 223 1 1 2 936748722493064105 1224979098644774913 522 3 1224979098644774914 1224979098644774913 276 522 3 1224979098644774915 1224979098644774913 277 522 3 1224979098644774916 1224979098644774913 10 4 0 562 3 1224979098644774913 43 1500000 2133 2 1224979098644774917 50 2133 2 1224979098644774918 35 5 0 562 3 1224979098644774913 43 1250000 2133 2 1224979098644774917 45 2133 2 1224979098644774918 30 5 0 562 3 1224979098644774913 43 1000000 2133 2 1224979098644774917 40 2133 2 1224979098644774918 30 5 0 562 3 1224979098644774913 43 750000 2133 2 1224979098644774917 35 2133 2 1224979098644774918 25 5 0 2133 2 1224979098644774917 30 2133 2 1224979098644774918 20 3 0 4 0 562 3 1224979098644774913 43 500000 2147483680 2 1224979098644774914 1224979098644774917 2322 2 1 1224979098644774916 1120 1 1585267068834418352 2105 2 1224979098644774914 5 2147483680 2 1224979098644774915 1224979098644774918 2105 2 1224979098644774915 5 5 0 562 3 1224979098644774913 44 500000 2322 2 1 1224979098644774916 1120 1 1585267068834418353 30 2 1224979098644774914 10 2106 2 1224979098644774914 5 30 2 1224979098644774915 5 2106 2 1224979098644774915 5 3 0 502 3 1224979098644774913 276 1224979098644774914 502 3 1224979098644774913 277 1224979098644774915 3 0 
0.000000 0.000000 4320.000000  5 2147483680 2 144115188075856856 0 540 3 360287970189641624 63 0 1073741855 2 144115188075856788 0 1073741855 2 144115188075856788 1 31 2 144115188075856788 2  16 2270 1 1224979098644774912 1 3 936748722493063198 0 1224979098644774912 30 2 72057594037927938 66 4 0 2133 2 1224979098644774913 0 6 3 1224979098644774914 648518346341351445 648518346341351577 541 3 1224979098644774914 68 34 2204 2 1224979098644774915 1224979098644774914 31 2 1224979098644774915 432345564227567646 2133 2 1224979098644774913 1 3 0 31 2 1224979098644774913 1 500 3 360287970189641624 63 2 5 0 500 3 360287970189641624 63 -1 3 0 
168.000000 0.000000 100000000.000000  2 540 3 360287970189641624 64 0 32 2 144115188075856311 1  1 1 4 936748722493063395 864691128455136378 0 0 
40.000000 6.000000 100000000.000000  1 37 1 0  1 900 1 1513209474796486719 
72.000000 0.000000 100000000.000000  11 2147483679 2 144115188075855936 1 2147483848 1 504403158265495677 566 3 504403158265495677 11 1 526 3 1224979098644774912 504403158265495677 28 2147483679 2 1224979098644774912 0 2272 1 1224979098644774913 2106 2 1224979098644774913 1224979098644774912 30 2 1224979098644774913 14 546 3 504403158265495678 11 0 2171 2 1224979098644774914 360287970189639680 30 2 1224979098644774914 16  1 1 4 936748722493063395 864691128455136297 0 0 
72.000000 0.000000 100000000.000000  12 2147483679 2 144115188075855936 1 2147483848 1 504403158265495677 2147483848 1 504403158265495678 566 3 504403158265495678 11 1 526 3 1224979098644774912 504403158265495678 28 2147483679 2 1224979098644774912 0 2272 1 1224979098644774913 2106 2 1224979098644774913 1224979098644774912 30 2 1224979098644774913 14 546 3 504403158265495679 11 0 2171 2 1224979098644774914 360287970189639680 30 2 1224979098644774914 21  1 1 4 936748722493063395 864691128455136296 0 0 
72.000000 0.000000 100000000.000000  13 2147483679 2 144115188075855936 1 2147483848 1 504403158265495677 2147483848 1 504403158265495678 2147483848 1 504403158265495679 566 3 504403158265495679 11 1 526 3 1224979098644774912 504403158265495679 28 2147483679 2 1224979098644774912 0 2272 1 1224979098644774913 2106 2 1224979098644774913 1224979098644774912 30 2 1224979098644774913 14 546 3 504403158265495680 11 0 2171 2 1224979098644774914 360287970189639680 30 2 1224979098644774914 26  1 1 4 936748722493063395 864691128455136295 0 0 
24.000000 0.000000 100000000.000000  12 2147483679 2 144115188075855936 1 2147483848 1 504403158265495677 2147483848 1 504403158265495678 2147483848 1 504403158265495679 2147483848 1 504403158265495680 566 3 504403158265495680 11 1 546 3 504403158265495680 15 1 526 3 1224979098644774912 504403158265495680 28 2147483679 2 1224979098644774912 0 2272 1 1224979098644774913 2106 2 1224979098644774913 1224979098644774912 30 2 1224979098644774913 6  1 1 4 936748722493063395 864691128455136294 0 0 
48.000000 0.000000 100000000.000000  7 2147483679 2 144115188075855936 1 31 2 144115188075856848 -1 540 3 360287970189639680 183 432345564227567630 560 3 360287970189639680 7 400 2149 2 1224979098644774912 360287970189639680 30 2 1224979098644774912 40000 540 3 360287970189641624 26 0  2 500 3 360287970189641624 26 1 1120 1 1585267068834418354 
1.000000 0.000000 100000000.000000  7 2147484208 3 360287970189641988 5 1 2147483679 2 144115188075856856 1 560 3 360287970189641987 5 1 2147483848 1 504403158265495626 2281 3 1224979098644774912 648518346341351424 648518346341351450 2147483678 2 1224979098644774912 6 2147483679 2 144115188075855936 1  1 2060 1 864691128455136262 
24.000000 0.000000 168.000000  7 200 1 504403158265495665 132 1 144115188075856848 1680 2 1224979098644774912 144115188075856848 2147483678 2 1224979098644774912 0 1694 2 1224979098644774913 144115188075856848 2147483681 3 1224979098644774913 648518346341351445 648518346341351831 2147484189 3 144115188075856848 39 1  1 2060 1 864691128455136133 
0.000000 0.000000 0.000000  3 71 1 37 200 1 504403158265495665 132 1 144115188075856848  10 4 0 1680 2 1224979098644774912 144115188075856848 2147483678 2 1224979098644774912 0 1694 2 1224979098644774913 144115188075856848 2147483681 3 1224979098644774913 648518346341351445 648518346341351831 2147484189 3 144115188075856848 39 1 2060 1 864691128455136133 5 0 1106 1 1585267068834418355 3 0 
0.000000 0.000000 168.000000  0  1 1 1 936748722493063647 
0.000000 0.000000 168.000000  0  1 1 1 936748722493063648 
0.000000 0.000000 168.000000  0  1 1 1 936748722493063649 
0.000000 0.000000 168.000000  0  1 1 1 936748722493063650 
0.000000 0.000000 168.000000  0  1 1 1 936748722493063987 
1.000000 0.000000 0.000000  3 200 1 504403158265495609 2147483851 1 504403158265495609 2147483850 1 504403158265495609  29 526 3 1224979098644774912 504403158265495609 8 4 0 132 1 1224979098644774912 2204 2 1224979098644774913 1224979098644774912 2147483681 3 1224979098644774913 432345564227567639 432345564227567667 2133 2 1224979098644774914 8 4 0 2273 0 2133 2 1224979098644774914 5 3 0 11 1 1224979098644774915 32 2 1224979098644774915 648518346341351943 2204 2 1224979098644774916 1224979098644774915 33 3 1224979098644774916 432345564227567639 432345564227567667 2281 3 1224979098644774917 1224979098644774915 1224979098644774912 2147483678 2 1224979098644774917 1224979098644774914 4 0 31 2 144115188075856193 1 2330 2 4 1224979098644774915 1106 1 1585267068834418356 3 0 1 2 936748722493063318 1224979098644774912 2133 2 1224979098644774918 72057594037927936 1 6 936748722493063574 70 1224979098644774915 1224979098644774918 1224979098644774912 -1 3 0 5 0 1106 1 216172782113783826 1 3 936748722493063420 504403158265495609 0 3 0 
0.000000 0.000000 0.000000  1 30 2 144115188075856848 1  13 4 0 132 1 144115188075856848 71 1 224 2124 1 1000 75 1 0 727 2 1224979098644774912 0 32 2 1224979098644774912 50 2060 1 864691128455136115 1031 3 9999 4 0 5 0 2147483780 1 144115188075856848 2060 1 864691128455136117 3 0 
4.000000 0.000000 0.000000  11 31 2 144115188075855874 1 2133 2 1224979098644774912 0 4 0 2147483780 1 144115188075856086 2133 2 1224979098644774912 1 5 0 2291 2 1224979098644774913 144115188075856086 2147483679 2 1224979098644774913 144115188075856085 2133 2 1224979098644774912 1 3 0 31 2 1224979098644774912 1  1 2133 2 144115188075855874 0 
1.000000 0.000000 0.000000  0  13 6 3 1224979098644774912 432345564227567639 432345564227567667 542 3 1224979098644774912 14 0 4 0 2136 3 1224979098644774913 0 100 2147483678 2 1224979098644774913 10 1 3 936748722493063352 1224979098644774912 8 3 0 4 0 2136 3 1224979098644774913 0 100 2147483678 2 1224979098644774913 30 1 3 936748722493063352 1224979098644774912 11 3 0 3 0 
0.200000 0.000000 0.000000  17 200 1 504403158265495565 2147483852 1 504403158265495565 546 3 504403158265495565 11 2 526 3 1224979098644774912 504403158265495565 1 526 3 1224979098644774913 504403158265495565 8 4 0 2147483780 1 1224979098644774913 506 3 504403158265495565 11 3 1 2 936748722493063481 504403158265495565 5 0 130 2 1224979098644774913 1224979098644774912 1232 1 1224979098644774913 506 3 504403158265495565 11 3 526 3 1224979098644774914 504403158265495565 4 1 3 936748722493063337 1224979098644774914 432345564227567668 1 2 936748722493063480 504403158265495565 3 0  0 
0.200000 0.000000 0.000000  64 200 1 504403158265495560 2147483852 1 504403158265495560 526 3 1224979098644774912 504403158265495560 7 526 3 1224979098644774913 504403158265495560 1 4 0 132 1 144115188075856058 4 0 130 2 144115188075856058 1224979098644774913 1232 1 144115188075856058 2105 2 144115188075855875 1 5 0 130 2 144115188075856058 1224979098644774912 1232 1 144115188075856058 2105 2 144115188075855876 1 5 0 2281 3 1224979098644774914 648518346341351424 144115188075856058 32 2 1224979098644774914 3 1641 2 144115188075856058 1224979098644774913 3 0 3 0 4 0 132 1 144115188075856059 4 0 130 2 144115188075856059 1224979098644774913 1232 1 144115188075856059 2105 2 144115188075855875 1 5 0 130 2 144115188075856059 1224979098644774912 1232 1 144115188075856059 2105 2 144115188075855876 1 5 0 2281 3 1224979098644774914 648518346341351424 144115188075856059 32 2 1224979098644774914 3 1641 2 144115188075856059 1224979098644774913 3 0 3 0 4 0 132 1 144115188075856060 4 0 130 2 144115188075856060 1224979098644774913 1232 1 144115188075856060 2105 2 144115188075855875 1 5 0 130 2 144115188075856060 1224979098644774912 1232 1 144115188075856060 2105 2 144115188075855876 1 5 0 2281 3 1224979098644774914 648518346341351424 144115188075856060 32 2 1224979098644774914 3 1641 2 144115188075856060 1224979098644774913 3 0 3 0 2133 2 1224979098644774915 144115188075855876 2105 2 1224979098644774915 144115188075855875 30 2 1224979098644774915 3 4 0 30 2 144115188075855876 3 1 2 936748722493063480 504403158265495560 5 0 31 2 144115188075855876 0 1 2 936748722493063481 504403158265495560 5 0 1 2 936748722493063479 504403158265495560 3 0  0 
0.500000 0.000000 0.000000  94 200 1 504403158265495561 31 2 144115188075855882 0 526 3 1224979098644774912 504403158265495561 12 526 3 1224979098644774913 504403158265495561 7 2133 2 1224979098644774914 0 4 0 1073741854 2 144115188075855877 2 3221225604 1 144115188075856057 2147483780 1 144115188075856056 5 0 31 2 144115188075855878 0 2281 3 1224979098644774915 648518346341351424 144115188075856057 4 0 2133 2 1224979098644774916 3 4 0 2273 0 2133 2 1224979098644774916 1 3 0 2147483680 2 1224979098644774915 1224979098644774916 2281 3 1224979098644774917 648518346341351424 1224979098644774912 32 2 1224979098644774917 1 2105 2 144115188075855877 1 4 0 31 2 144115188075855877 2 2133 2 1224979098644774914 1 1106 1 216172782113783991 3 0 5 0 2281 3 1224979098644774915 144115188075856056 144115188075856057 2147483680 2 1224979098644774915 1 1660 2 144115188075856057 144115188075856056 2133 2 144115188075855878 1 2133 2 144115188075855879 0 3 0 5 0 31 2 144115188075855878 1 2281 3 1224979098644774915 648518346341351424 144115188075856056 4 0 2147483680 2 1224979098644774915 1 1661 1 144115188075856057 2105 2 144115188075855877 1 4 0 31 2 144115188075855877 2 2133 2 1224979098644774914 1 1106 1 216172782113783991 3 0 5 0 2105 2 144115188075855879 1 32 2 144115188075855879 4 1661 1 144115188075856057 2133 2 1224979098644774914 1 2133 2 144115188075855878 2 3 0 3 0 4 0 31 2 1224979098644774914 1 1641 2 144115188075856057 1224979098644774912 1641 2 144115188075856056 1224979098644774913 1640 2 144115188075856057 1 1640 2 144115188075856056 1 1603 3 144115188075856057 65536 0 1603 3 144115188075856056 65536 0 3 0 2133 2 1224979098644774918 0 4 0 132 1 144115188075856057 2105 2 1224979098644774918 1 130 2 144115188075856057 1224979098644774912 1232 1 144115188075856057 2133 2 144115188075855880 1 2106 2 1224979098644774918 1 3 0 4 0 132 1 144115188075856056 2105 2 1224979098644774918 1 130 2 144115188075856056 1224979098644774913 1232 1 144115188075856056 2133 2 144115188075855881 1 2106 2 1224979098644774918 1 3 0 4 0 31 2 144115188075855881 1 31 2 144115188075855880 1 1 2 936748722493063481 504403158265495561 3 0 4 0 31 2 1224979098644774918 0 2133 2 144115188075855882 1 1632 3 1224979098644774919 648518346341351424 360287970189641600 1632 3 1224979098644774920 648518346341351424 360287970189641601 32 2 1224979098644774919 0 32 2 1224979098644774920 0 1 2 936748722493063480 504403158265495561 3 0  0 
168.000000 0.000000 0.000000  0  2 2107 2 144115188075855883 101 2108 2 144115188075855883 100 
0.300000 0.000000 1.100000  3 200 1 504403158265495581 526 3 1224979098644774912 504403158265495581 8 2147483780 1 1224979098644774912  1 1 3 936748722493063420 504403158265495581 2 
0.300000 0.000000 1.100000  6 200 1 504403158265495583 2147483851 1 504403158265495583 2301 2 1224979098644774912 576460752303423527 2147483678 2 144115188075856122 1224979098644774912 2302 2 1224979098644774913 576460752303423527 31 2 1224979098644774913 144115188075856123  2 1106 1 216172782113783826 1 3 936748722493063420 504403158265495583 0 
0.300000 0.000000 1.100000  6 200 1 504403158265495583 2147483850 1 504403158265495583 2301 2 1224979098644774912 576460752303423527 2147483678 2 144115188075856122 1224979098644774912 2302 2 1224979098644774913 576460752303423527 2147483679 2 1224979098644774913 144115188075856123  1 1 2 936748722493063480 504403158265495583 
1.000000 0.000000 0.000000  5 200 1 504403158265495584 526 3 1224979098644774912 504403158265495584 8 132 1 1224979098644774912 131 1 1224979098644774912 1232 1 1224979098644774912  0 
0.000000 0.000000 24.000000  0  167 2133 2 1224979098644774912 0 2133 2 1224979098644774913 100 6 3 1224979098644774914 360287970189640326 360287970189640368 110 1 1224979098644774914 2105 2 1224979098644774912 1 3 0 2108 2 1224979098644774912 2 2106 2 1224979098644774913 1224979098644774912 2170 3 1224979098644774915 1369094286720630791 360287970189639680 2105 2 1224979098644774913 1224979098644774915 4 0 32 2 144115188075855885 0 31 2 144115188075856758 0 4 0 520 3 1224979098644774916 144115188075855885 71 110 1 144115188075855885 33 3 1224979098644774916 360287970189640326 360287970189640368 110 1 1224979098644774916 2133 2 144115188075855884 144115188075855885 3 0 2133 2 144115188075855885 0 3 0 6 3 1224979098644774917 360287970189640326 360287970189640368 500 3 1224979098644774917 81 0 4 0 540 3 1224979098644774917 5 1 500 3 1224979098644774917 80 1 3 0 520 3 1224979098644774918 1224979098644774917 2 4 0 31 2 1224979098644774918 11 520 3 1224979098644774919 1224979098644774917 84 2322 2 31 1224979098644774917 520 3 1224979098644774920 360287970189639680 7 2133 2 72057594037927940 1224979098644774920 2133 2 72057594037927941 1224979098644774919 32 2 1224979098644774920 1224979098644774919 500 3 1224979098644774917 77 0 500 3 1224979098644774917 69 0 500 3 1224979098644774917 2 0 3 0 4 0 560 3 1224979098644774917 150 5 540 3 1224979098644774917 151 1 520 3 1224979098644774916 1224979098644774917 144 33 3 1224979098644774916 360287970189640326 360287970189640368 540 3 1224979098644774916 145 0 500 3 1224979098644774916 145 1 2322 2 3 1224979098644774917 2322 2 4 1224979098644774916 4 0 31 2 144115188075856193 1 1106 1 216172782113787493 3 0 3 0 4 0 110 1 1224979098644774917 1 3 936748722493063772 1224979098644774917 0 2133 2 1224979098644774921 72057594037927936 4 0 31 2 144115188075856759 0 2147483678 2 1224979098644774921 20 2136 3 1224979098644774922 0 100 2105 2 1224979098644774921 1224979098644774922 2147483678 2 1224979098644774921 20 2147483679 2 1224979098644774917 360287970189640360 2147483679 2 1224979098644774917 360287970189640364 2147483679 2 1224979098644774917 360287970189640366 2133 2 144115188075855886 1224979098644774917 3 0 520 3 1224979098644774923 1224979098644774917 77 2107 2 1224979098644774923 90 2108 2 1224979098644774923 1224979098644774913 2112 3 1224979098644774923 -10000 10000 500 3 1224979098644774917 77 1224979098644774923 520 3 1224979098644774923 1224979098644774917 69 2107 2 1224979098644774923 90 2108 2 1224979098644774923 1224979098644774913 500 3 1224979098644774917 69 1224979098644774923 4 0 1073742384 3 1224979098644774917 72 1 31 2 144115188075856758 1 520 3 1224979098644774924 1224979098644774917 71 110 1 1224979098644774924 1 4 936748722493063541 1224979098644774917 1224979098644774924 72 3 0 4 0 1073742384 3 1224979098644774917 74 1 31 2 144115188075856758 1 520 3 1224979098644774924 1224979098644774917 73 110 1 1224979098644774924 1 4 936748722493063541 1224979098644774917 1224979098644774924 74 3 0 4 0 1073742384 3 1224979098644774917 76 1 31 2 144115188075856758 1 520 3 1224979098644774924 1224979098644774917 75 110 1 1224979098644774924 520 3 1224979098644774923 1224979098644774917 77 2107 2 1224979098644774923 9 2108 2 1224979098644774923 10 2112 3 1224979098644774923 -10000 10000 500 3 1224979098644774917 77 1224979098644774923 3 0 4 0 31 2 144115188075856758 0 31 2 144115188075855884 0 31 2 144115188075855987 0 31 2 144115188075855885 0 540 3 1224979098644774917 72 0 520 3 1224979098644774916 1224979098644774917 71 33 3 1224979098644774916 360287970189640326 360287970189640368 110 1 1224979098644774916 2133 2 144115188075855885 1224979098644774917 3 0 4 0 31 2 144115188075855887 0 540 3 1224979098644774917 145 1 2133 2 144115188075855887 1224979098644774917 3 0 5 0 2147483758 1 1224979098644774917 31 2 1224979098644774918 5 520 3 1224979098644774925 1224979098644774917 150 520 3 1224979098644774926 1224979098644774917 10 2133 2 1224979098644774927 1 4 0 132 1 1224979098644774926 1073742365 3 1224979098644774926 0 19 541 3 1224979098644774926 0 17 2133 2 1224979098644774927 0 3 0 31 2 1224979098644774927 1 4 0 31 2 144115188075856193 1 2322 2 10 1224979098644774917 2133 2 72057594037927936 1224979098644774925 1106 1 1585267068834418357 3 0 4 0 32 2 1224979098644774925 0 2106 2 1224979098644774925 1 500 3 1224979098644774917 150 1224979098644774925 5 0 1073742364 3 1224979098644774917 151 11 540 3 1224979098644774917 151 20 560 3 1224979098644774917 160 1 4 0 540 3 1224979098644774917 151 11 500 3 360287970189639731 152 1224979098644774917 2133 2 144115188075855888 360287970189639731 5 0 540 3 1224979098644774917 151 20 520 3 1224979098644774928 1224979098644774917 67 2136 3 1224979098644774929 120 128 521 3 1224979098644774930 1224979098644774928 1224979098644774929 500 3 1224979098644774930 152 1224979098644774917 2133 2 144115188075855888 1224979098644774930 3 0 5 0 560 3 1224979098644774917 151 1 3221226012 3 1224979098644774917 151 8 101 0 2133 2 144115188075855888 1224979098644774917 3 0 3 0 3 0 
336.000000 0.000000 100000000.000000  0  21 2147483679 2 144115188075855973 360287970189641634 2133 2 1224979098644774912 0 6 3 1224979098644774913 648518346341351445 648518346341351831 31 2 1224979098644774912 0 4 0 541 3 1224979098644774913 7 360287970189639680 2133 2 1224979098644774912 1 5 0 521 3 1224979098644774914 1224979098644774913 263 32 2 1224979098644774914 0 132 1 1224979098644774914 2133 2 1224979098644774912 1 3 0 3 0 31 2 1224979098644774912 1 4 0 31 2 144115188075856193 1 2133 2 72057594037927936 144115188075855973 1106 1 1585267068834418358 3 0 1 4 936748722493063395 864691128455135551 0 0 
336.000000 0.000000 100000000.000000  0  15 2147483679 2 144115188075855971 360287970189641635 2133 2 1224979098644774912 0 6 3 1224979098644774913 648518346341351445 648518346341351577 31 2 1224979098644774912 0 521 3 1224979098644774914 1224979098644774913 7 31 2 1224979098644774914 360287970189639680 2133 2 1224979098644774912 1 3 0 31 2 1224979098644774912 1 4 0 31 2 144115188075856193 1 2133 2 72057594037927936 144115188075855971 1106 1 1585267068834418359 3 0 1 4 936748722493063395 864691128455135553 0 0 
336.000000 0.000000 100000000.000000  0  15 2147483679 2 144115188075855965 360287970189641636 2133 2 1224979098644774912 0 6 3 1224979098644774913 648518346341351445 648518346341351497 31 2 1224979098644774912 0 521 3 1224979098644774914 1224979098644774913 7 31 2 1224979098644774914 360287970189639680 2133 2 1224979098644774912 1 3 0 31 2 1224979098644774912 1 4 0 31 2 144115188075856193 1 2133 2 72057594037927936 144115188075855965 1106 1 1585267068834418360 3 0 1 4 936748722493063395 864691128455135555 0 0 
0.100000 0.500000 0.000000  2 37 1 0 31 2 144115188075855889 1  1 2133 2 144115188075855889 0 
0.000000 0.000000 0.000000  22 71 1 224 541 3 648518346341351424 39 1 2124 1 100 1625 2 1 648518346341351424 1625 2 2 648518346341351913 710 3 1224979098644774912 1 2 32 2 1224979098644774912 200 1628 3 2 1 1 1626 2 648518346341351425 2 1608 2 1224979098644774913 648518346341351425 2147483679 2 1224979098644774913 0 2147483679 2 1224979098644774913 1 2147483679 2 1224979098644774913 7 2147483679 2 1224979098644774913 8 2133 2 1224979098644774914 0 6 3 1224979098644774915 648518346341351445 648518346341351497 541 3 1224979098644774915 41 1 2281 3 1224979098644774916 648518346341351425 1224979098644774915 2147483678 2 1224979098644774916 5 2133 2 1224979098644774914 1 3 0 31 2 1224979098644774914 0  5 4 0 1625 2 1 648518346341351425 1 3 936748722493063897 0 648518346341351425 1626 2 648518346341351913 2 3 0 
24.000000 0.000000 0.000000  1 31 2 144115188075855997 1  14 2149 2 1224979098644774912 360287970189639680 4 0 30 2 1224979098644774912 100 1529 2 360287970189639680 100 1106 2 1585267068834418361 16711680 2136 3 1224979098644774913 1 10 4 0 2147483680 2 1224979098644774913 4 1 2 936748722493063275 -1 3 0 5 0 1106 2 1585267068834418362 16711680 1 2 936748722493063275 -5 3 0 
2.000000 0.000000 0.000000  3 2147483679 2 144115188075856166 0 2147483679 2 144115188075855997 1 31 2 144115188075856848 -1  57 2157 2 72057594037927936 648518346341351424 4 0 2147483678 2 72057594037927936 2 501 3 648518346341351424 195 0 5 0 2273 0 4 0 31 2 144115188075856272 144115188075856177 2133 2 144115188075855890 1 5 0 521 3 72057594037927936 648518346341351424 195 2147483679 2 144115188075856188 1 2147483679 2 144115188075856188 2 2147483679 2 144115188075856233 144115188075855925 2147483679 2 144115188075855936 1 2136 3 1224979098644774912 0 2 31 2 1224979098644774912 0 2105 2 72057594037927936 1 2112 3 72057594037927936 0 31 501 3 648518346341351424 195 72057594037927936 5 0 2106 2 72057594037927936 2 2111 2 72057594037927936 0 501 3 648518346341351424 195 72057594037927936 3 0 5 0 2147483679 2 144115188075855890 0 521 3 72057594037927936 648518346341351424 195 4 0 501 3 648518346341351424 195 0 3 0 2123 3 1224979098644774913 72057594037927936 2 4 0 30 2 144115188075856272 0 1073742365 3 144115188075856272 0 3 1073742365 3 144115188075856272 0 2 1073742365 3 144115188075856272 0 18 541 3 144115188075856272 0 4 2105 2 1224979098644774913 1 3 0 1106 1 1585267068834418363 1 2 936748722493063275 1224979098644774913 2133 2 144115188075855890 0 5 0 2271 1 72057594037927936 33 3 72057594037927936 6 8 521 3 72057594037927936 648518346341351424 195 4 0 32 2 72057594037927936 4 2147483678 2 72057594037927936 6 1106 2 1585267068834418364 16764108 3 0 4 0 30 2 72057594037927936 10 1106 2 1585267068834418364 16764108 3 0 3 0 
0.000000 0.000000 24.000000  7 37 0 1608 2 1224979098644774912 648518346341351424 2147483679 2 1224979098644774912 0 2147483679 2 1224979098644774912 7 2147483679 2 1224979098644774912 8 31 2 144115188075855936 0 31 2 144115188075855891 1  89 1650 2 1224979098644774912 648518346341351424 2133 2 1224979098644774913 0 6 3 1224979098644774914 0 1224979098644774912 1653 3 1224979098644774915 648518346341351424 1224979098644774914 2105 2 1224979098644774913 1224979098644774915 3 0 4 0 2147483678 2 1224979098644774913 40 2133 2 144115188075855891 0 5 0 2167 2 1224979098644774916 360287970189639680 32 2 1224979098644774916 3 2133 2 1224979098644774917 0 1540 2 1224979098644774918 360287970189639680 6 3 1224979098644774919 0 1224979098644774918 1541 3 1224979098644774920 360287970189639680 1224979098644774919 30 2 1224979098644774920 0 33 3 1224979098644774920 288230376151711842 288230376151711860 2105 2 1224979098644774917 1 3 0 4 0 2147483678 2 1224979098644774917 8 2136 3 1224979098644774921 0 100 4 0 30 2 1224979098644774921 70 1120 2 216172782113788765 1585267068834418365 1106 2 216172782113788765 65280 1530 3 360287970189639680 288230376151711853 0 4 0 30 2 1224979098644774913 200 1530 3 360287970189639680 288230376151711853 0 3 0 4 0 30 2 1224979098644774913 400 1530 3 360287970189639680 288230376151711853 0 3 0 4 0 30 2 1224979098644774913 500 1530 3 360287970189639680 288230376151711853 0 3 0 4 0 30 2 1224979098644774913 600 1530 3 360287970189639680 288230376151711853 0 3 0 1 2 936748722493063275 2 5 0 30 2 1224979098644774921 40 1120 2 216172782113788766 1585267068834418365 1106 2 216172782113788766 16776960 1530 3 360287970189639680 288230376151711851 0 4 0 30 2 1224979098644774913 200 1530 3 360287970189639680 288230376151711851 0 3 0 4 0 30 2 1224979098644774913 400 1530 3 360287970189639680 288230376151711851 0 3 0 4 0 30 2 1224979098644774913 500 1530 3 360287970189639680 288230376151711851 0 1530 3 360287970189639680 288230376151711851 0 3 0 4 0 30 2 1224979098644774913 600 1530 3 360287970189639680 288230376151711851 0 1530 3 360287970189639680 288230376151711851 0 3 0 6 3 1224979098644774922 648518346341351577 648518346341351831 2281 3 1224979098644774923 648518346341351424 1224979098644774922 2147483678 2 1224979098644774923 15 1 3 936748722493063377 1224979098644774922 -2 3 0 5 0 30 2 1224979098644774921 3 1120 2 216172782113788767 1585267068834418365 1106 2 216172782113788767 16711680 5 0 1120 2 216172782113788768 1585267068834418365 1106 2 216172782113788768 16711680 2133 2 144115188075855891 0 2136 3 1224979098644774924 1 3 2133 2 1224979098644774925 1224979098644774924 6 3 1224979098644774926 0 1224979098644774925 1 2 936748722493063546 648518346341351424 3 0 3 0 3 0 3 0 
