42
tab_game_character_sheet 0 tableau_with_transparency 1024 1024 0 0 266 532 15 2133 2 144115188075855872 2 2133 2 144115188075855873 1 23 2 1224979098644774912 1 1985 1 4287137928 1987 3 10 11 15 2124 1 100 1989 5 0 40 40 0 100000 701 1 1 731 2 1 100 729 2 1 -20 730 2 1 -20 1980 5 1729382256910270476 1224979098644774912 1 0 0 731 2 1 200 1980 5 1729382256910270475 1224979098644774912 1 0 0 731 2 1 300 
tab_game_inventory_window 0 tableau_with_transparency 1024 1024 0 0 180 270 14 2133 2 144115188075855872 1 23 2 1224979098644774912 1 1985 1 4287137928 1987 3 10 11 15 2124 1 100 1989 5 0 40 40 0 100000 701 1 1 731 2 1 100 729 2 1 -20 730 2 1 -20 1980 5 1729382256910270478 1224979098644774912 1 0 0 731 2 1 200 1980 5 1729382256910270477 1224979098644774912 1 0 0 731 2 1 300 
tab_game_profile_window 0 tableau_with_transparency 1024 1024 0 0 320 480 22 2133 2 144115188075855872 1 23 2 1224979098644774912 1 2133 2 1224979098644774913 1224979098644774912 2109 2 1224979098644774913 2 4 0 31 2 1224979098644774913 0 2133 2 1224979098644774914 360287970189639681 5 0 2133 2 1224979098644774914 360287970189639682 3 0 1503 1 1224979098644774914 1985 1 4287137928 1987 3 10 11 15 2124 1 100 1989 5 0 40 40 0 100000 701 1 1 731 2 1 100 729 2 1 -20 730 2 1 -20 1980 5 1729382256910270480 1224979098644774914 1 0 0 731 2 1 200 1980 5 1729382256910270479 1224979098644774914 1 0 0 
tab_game_party_window 0 tableau_with_transparency 1024 1024 0 0 300 300 14 2133 2 144115188075855872 1 23 2 1224979098644774912 1 1985 1 4287137928 1987 3 10 11 15 2124 1 100 1989 5 0 40 40 0 100000 701 1 1 731 2 1 100 729 2 1 -20 730 2 1 -20 1980 5 1729382256910270482 1224979098644774912 1 0 0 731 2 1 200 1980 5 1729382256910270481 1224979098644774912 1 0 0 731 2 1 300 
tab_game_troop_label_banner 0 tableau_with_transparency 256 256 -128 0 128 256 16 2133 2 144115188075855872 1 23 2 1224979098644774912 1 1985 1 4287137928 2124 1 100 1989 5 0 100 100 0 100000 4 0 30 2 1224979098644774912 0 540 3 1224979098644774912 13 -1 1 11 936748722493063563 1224979098644774912 0 0 5120 5120 10000 10000 10000 10000 0 5 0 1 2 936748722493063505 1224979098644774912 2133 2 1224979098644774913 72057594037927936 701 1 1 730 2 1 120 1992 4 1224979098644774913 1 120 0 3 0 
tab_troop_tree_pic 0 tableau_with_transparency 1024 1024 0 0 700 800 5 2133 2 144115188075855872 1 23 2 1224979098644774912 1 1985 1 8947848 1987 3 10 11 15 1 2 936748722493063514 1224979098644774912 
tab_troop_detail_dummy_pic 0 tableau_with_transparency 1024 1024 0 0 700 800 5 2133 2 144115188075855872 1 23 2 1224979098644774912 1 1985 1 8947848 1987 3 10 11 15 1 2 936748722493063942 1224979098644774912 
tab_troop_note_color 0 mat_troop_portrait_color 1024 1024 0 0 400 400 5 2133 2 144115188075855872 1 23 2 1224979098644774912 1 1985 1 4291214228 1987 3 10 11 15 1 3 936748722493063508 1224979098644774912 0 
tab_troop_note_alpha_mask 0 mat_troop_portrait_mask 1024 1024 0 0 400 400 6 2133 2 144115188075855872 1 23 2 1224979098644774912 1 1985 1 8947848 1987 3 10 11 15 1984 0 1 3 936748722493063508 1224979098644774912 0 
tab_troop_kingdom_selection_color 0 mat_troop_portrait_color 1024 1024 0 0 400 400 5 2133 2 144115188075855872 1 23 2 1224979098644774912 1 1985 1 4291214228 1987 3 10 11 15 1 3 936748722493063508 1224979098644774912 1 
tab_troop_kingdom_selection_alpha_mask 0 mat_troop_portrait_mask 1024 1024 0 0 400 400 6 2133 2 144115188075855872 1 23 2 1224979098644774912 1 1985 1 8947848 1987 3 10 11 15 1984 0 1 3 936748722493063508 1224979098644774912 1 
tab_troop_character_alpha_mask 0 mat_troop_portrait_mask 1024 1024 0 0 400 400 6 2133 2 144115188075855872 1 23 2 1224979098644774912 1 1985 1 8947848 1987 3 10 11 15 1984 0 1 2 936748722493063509 1224979098644774912 
tab_troop_character_color 0 mat_troop_portrait_color 1024 1024 0 0 400 400 5 2133 2 144115188075855872 1 23 2 1224979098644774912 1 1985 1 4292923313 1987 3 10 11 15 1 2 936748722493063509 1224979098644774912 
tab_troop_inventory_alpha_mask 0 mat_troop_portrait_mask 1024 1024 0 0 400 400 6 2133 2 144115188075855872 1 23 2 1224979098644774912 1 1985 1 8947848 1987 3 10 11 15 1984 0 1 2 936748722493063510 1224979098644774912 
tab_troop_inventory_color 0 mat_troop_portrait_color 1024 1024 0 0 400 400 5 2133 2 144115188075855872 1 23 2 1224979098644774912 1 1985 1 4285159482 1987 3 10 11 15 1 2 936748722493063510 1224979098644774912 
tab_troop_profile_alpha_mask 0 mat_troop_portrait_mask 1024 1024 0 0 400 400 12 2133 2 144115188075855872 1 23 2 1224979098644774912 1 1985 1 8947848 1987 3 10 11 15 1984 0 4 0 1073741855 2 1224979098644774912 360287970189639681 31 2 1224979098644774912 360287970189639682 1 2 936748722493063511 1224979098644774912 5 0 1 2 936748722493063512 1224979098644774912 3 0 
tab_troop_profile_color 0 mat_troop_portrait_color 1024 1024 0 0 400 400 11 2133 2 144115188075855872 1 23 2 1224979098644774912 1 1985 1 4294567848 1987 3 10 11 15 4 0 1073741855 2 1224979098644774912 360287970189639681 31 2 1224979098644774912 360287970189639682 1 2 936748722493063511 1224979098644774912 5 0 1 2 936748722493063512 1224979098644774912 3 0 
tab_troop_party_alpha_mask 0 mat_troop_portrait_mask 1024 1024 0 0 400 400 6 2133 2 144115188075855872 1 23 2 1224979098644774912 1 1985 1 8947848 1987 3 10 11 15 1984 0 1 2 936748722493063514 1224979098644774912 
tab_troop_party_color 0 mat_troop_portrait_color 1024 1024 0 0 400 400 5 2133 2 144115188075855872 1 23 2 1224979098644774912 1 1985 1 4290681970 1987 3 10 11 15 1 2 936748722493063514 1224979098644774912 
tab_troop_note_mesh 0 tableau_with_transparency 1024 1024 0 0 350 350 15 2133 2 144115188075855872 1 23 2 1224979098644774912 1 1985 1 4287137928 1987 3 10 11 15 2124 1 100 1989 5 0 40 40 0 100000 701 1 1 731 2 1 100 729 2 1 -20 730 2 1 -20 1980 5 1729382256910270471 1224979098644774912 1 0 0 731 2 1 200 1980 5 1729382256910270472 1224979098644774912 1 0 0 731 2 1 300 1992 4 1441151880758558955 1 0 0 
tab_kingdom_selection_mesh 0 tableau_with_transparency 1024 1024 0 0 350 350 15 2133 2 144115188075855872 1 23 2 1224979098644774912 1 1985 1 4287137928 1987 3 10 11 15 2124 1 100 1989 5 0 40 40 0 100000 701 1 1 731 2 1 100 729 2 1 -20 730 2 1 -20 1980 5 1729382256910270473 1224979098644774912 1 0 0 731 2 1 200 1980 5 1729382256910270474 1224979098644774912 1 0 0 731 2 1 300 1992 4 1441151880758558955 1 0 0 
tab_center_note_mesh 0 tableau_with_transparency 1024 1024 0 0 200 200 32 2133 2 144115188075855872 1 23 2 1224979098644774912 1 2124 1 100 1985 1 8947848 1987 3 10 11 15 701 1 8 729 2 8 -210 730 2 8 200 731 2 8 300 1990 4 8 550 500 450 1989 5 1 10 10 10 10000 701 1 1 731 2 1 0 731 2 1 -500 701 1 1 730 2 1 -100 729 2 1 -100 731 2 1 100 725 2 1 200 1681 2 1224979098644774913 1224979098644774912 4 0 30 2 1224979098644774913 0 1994 3 1224979098644774913 1 0 3 0 701 1 5 729 2 5 -90 731 2 5 500 730 2 5 480 723 2 5 -90 725 2 5 180 723 2 5 -35 1988 1 5 
tab_faction_note_mesh_for_menu 0 pic_arms_rom 1024 512 0 0 450 225 13 2133 2 144115188075855872 1 23 2 1224979098644774912 1 1985 1 4294967295 2124 1 100 4 0 33 3 1224979098644774912 432345564227567640 432345564227567667 522 3 1224979098644774913 1224979098644774912 3 701 1 1 730 2 1 -5 729 2 1 -45 1992 4 1224979098644774913 1 0 0 1989 5 0 160 80 0 100000 3 0 
tab_faction_note_mesh 0 pic_arms_garamantes 1024 512 0 0 500 250 12 2133 2 144115188075855872 1 23 2 1224979098644774912 1 1985 1 4294967295 2124 1 100 4 0 33 3 1224979098644774912 432345564227567640 432345564227567667 522 3 1224979098644774913 1224979098644774912 3 701 1 1 730 2 1 -5 1992 4 1224979098644774913 1 0 0 1989 5 0 100 50 0 100000 3 0 
tab_minor_faction_note_mesh 0 pic_arms_nabataea 1024 512 0 0 500 250 13 2133 2 144115188075855872 1 23 2 1224979098644774912 1 1985 1 4294967295 2124 1 100 4 0 33 3 1224979098644774912 432345564227567684 432345564227567693 2120 3 1224979098644774913 1441151880758558901 1224979098644774912 2106 2 1224979098644774913 432345564227567684 701 1 1 730 2 1 -5 1992 4 1224979098644774913 1 0 0 1989 5 0 100 50 0 100000 3 0 
tab_faction_note_mesh_banner 0 tableau_with_transparency 1024 1024 0 0 200 200 16 2133 2 144115188075855872 1 23 2 1224979098644774912 1 2124 1 100 4 0 522 3 1224979098644774913 1224979098644774912 10 30 2 1224979098644774913 0 520 3 1224979098644774914 1224979098644774913 13 2120 3 1224979098644774915 1080863910568919360 1 33 3 1224979098644774914 1080863910568919283 1224979098644774915 2106 2 1224979098644774914 1080863910568919283 2120 3 1224979098644774916 1224979098644774914 1441151880758558990 701 1 1 730 2 1 100 1992 4 1224979098644774916 1 0 0 1989 5 0 210 210 0 100000 3 0 
tab_2_factions_mesh 0 tableau_with_transparency 1024 1024 0 0 200 200 34 2133 2 144115188075855872 1 23 2 1224979098644774912 1 2119 3 1224979098644774913 1224979098644774912 128 2108 2 1224979098644774912 128 2105 2 1224979098644774912 432345564227567639 2105 2 1224979098644774913 432345564227567639 2124 1 100 4 0 522 3 1224979098644774914 1224979098644774912 10 30 2 1224979098644774914 0 520 3 1224979098644774915 1224979098644774914 13 2120 3 1224979098644774916 1080863910568919360 1 33 3 1224979098644774915 1080863910568919283 1224979098644774916 2106 2 1224979098644774915 1080863910568919283 2120 3 1224979098644774917 1224979098644774915 1441151880758558990 701 1 1 729 2 1 -50 730 2 1 100 1992 4 1224979098644774917 1 0 0 3 0 4 0 522 3 1224979098644774914 1224979098644774913 10 30 2 1224979098644774914 0 520 3 1224979098644774915 1224979098644774914 13 2120 3 1224979098644774916 1080863910568919360 1 33 3 1224979098644774915 1080863910568919283 1224979098644774916 2106 2 1224979098644774915 1080863910568919283 2120 3 1224979098644774917 1224979098644774915 1441151880758558990 701 1 1 729 2 1 50 730 2 1 100 1992 4 1224979098644774917 1 0 0 3 0 1989 5 0 210 210 0 100000 
tab_civil_war_factions 0 tableau_with_transparency 1024 1024 0 0 300 300 55 2133 2 144115188075855872 1 2124 1 100 4 0 522 3 1224979098644774912 432345564227567663 10 30 2 1224979098644774912 0 520 3 1224979098644774913 1224979098644774912 13 2120 3 1224979098644774914 1080863910568919360 1 33 3 1224979098644774913 1080863910568919283 1224979098644774914 2106 2 1224979098644774913 1080863910568919283 2120 3 1224979098644774915 1224979098644774913 1441151880758558990 701 1 1 729 2 1 -30 730 2 1 100 1992 4 1224979098644774915 1 50 0 3 0 4 0 522 3 1224979098644774912 432345564227567664 10 30 2 1224979098644774912 0 520 3 1224979098644774913 1224979098644774912 13 2120 3 1224979098644774914 1080863910568919360 1 33 3 1224979098644774913 1080863910568919283 1224979098644774914 2106 2 1224979098644774913 1080863910568919283 2120 3 1224979098644774915 1224979098644774913 1441151880758558990 701 1 1 729 2 1 30 730 2 1 100 1992 4 1224979098644774915 1 50 0 3 0 4 0 522 3 1224979098644774912 432345564227567665 10 30 2 1224979098644774912 0 520 3 1224979098644774913 1224979098644774912 13 2120 3 1224979098644774914 1080863910568919360 1 33 3 1224979098644774913 1080863910568919283 1224979098644774914 2106 2 1224979098644774913 1080863910568919283 2120 3 1224979098644774915 1224979098644774913 1441151880758558990 701 1 1 729 2 1 -30 730 2 1 0 1992 4 1224979098644774915 1 50 0 3 0 4 0 522 3 1224979098644774912 432345564227567666 10 30 2 1224979098644774912 0 520 3 1224979098644774913 1224979098644774912 13 2120 3 1224979098644774914 1080863910568919360 1 33 3 1224979098644774913 1080863910568919283 1224979098644774914 2106 2 1224979098644774913 1080863910568919283 2120 3 1224979098644774915 1224979098644774913 1441151880758558990 701 1 1 729 2 1 30 730 2 1 0 1992 4 1224979098644774915 1 50 0 3 0 1989 5 0 210 210 0 100000 
tab_color_picker 0 objects 32 32 0 0 0 0 10 2133 2 144115188075855872 1 23 2 1224979098644774912 1 2124 1 100 701 1 1 1992 4 1441151880758558720 1 0 0 722 2 1 1 720 2 1 -2 721 2 1 -2 1993 5 1441151880758558959 1 200 0 1224979098644774912 1989 5 0 20 20 0 100000 
tab_custom_banner_square_no_mesh 0 objects 512 512 0 0 300 300 5 2133 2 144115188075855872 1 23 2 1224979098644774912 1 2124 1 100 1 11 936748722493063563 1224979098644774912 0 0 10000 10000 9800 9800 10000 10000 0 1989 5 0 100 100 0 100000 
tab_custom_banner_default 0 objects 512 256 0 0 0 0 8 2133 2 144115188075855872 1 23 2 1224979098644774912 1 2124 1 100 1 11 936748722493063563 1224979098644774912 -9 -2 7450 19400 7200 18000 9000 10000 0 701 1 1 731 2 1 10 1992 4 1441151880758558796 1 0 0 1989 5 0 100 200 0 100000 
tab_custom_banner_tall 0 objects 512 256 0 0 0 0 8 2133 2 144115188075855872 1 23 2 1224979098644774912 1 2124 1 100 1 11 936748722493063563 1224979098644774912 -9 12 8250 18000 8000 21000 10000 10000 0 701 1 1 731 2 1 10 1992 4 1441151880758558796 1 0 0 1989 5 0 100 200 0 100000 
tab_custom_banner_square 0 objects 256 256 0 0 0 0 8 2133 2 144115188075855872 1 23 2 1224979098644774912 1 2124 1 100 1 11 936748722493063563 1224979098644774912 -11 10 7700 7700 7500 7500 8300 10000 0 701 1 1 731 2 1 10 1992 4 1441151880758558797 1 0 0 1989 5 0 100 100 0 100000 
tab_custom_banner_short 0 objects 256 512 0 0 0 0 8 2133 2 144115188075855872 1 23 2 1224979098644774912 1 2124 1 100 1 11 936748722493063563 1224979098644774912 -10 0 8050 5000 4200 4800 6600 10000 0 701 1 1 731 2 1 10 1992 4 1441151880758558799 1 0 0 1989 5 0 100 50 0 100000 
tab_background_selection 0 objects 512 512 0 0 100 100 8 2133 2 144115188075855872 1 23 2 1224979098644774912 1 520 3 1224979098644774913 360287970189639680 91 500 3 360287970189639680 91 1224979098644774912 2124 1 100 1 11 936748722493063563 360287970189639680 0 0 10000 10000 9800 9800 10000 10000 0 1989 5 0 100 100 0 100000 500 3 360287970189639680 91 1224979098644774913 
tab_positioning_selection 0 objects 512 512 0 0 100 100 8 2133 2 144115188075855872 1 23 2 1224979098644774912 1 520 3 1224979098644774913 360287970189639680 98 500 3 360287970189639680 98 1224979098644774912 2124 1 100 1 11 936748722493063563 360287970189639680 0 0 10000 10000 9800 9800 10000 10000 0 1989 5 0 100 100 0 100000 500 3 360287970189639680 98 1224979098644774913 
tab_retired_troop_alpha_mask 0 mat_troop_portrait_mask 2048 2048 0 0 600 600 6 2133 2 144115188075855872 1 23 2 1224979098644774912 1 1985 1 8947848 1987 3 10 11 15 1984 0 1 2 936748722493063513 1224979098644774912 
tab_retired_troop_color 0 mat_troop_portrait_color 2048 2048 0 0 600 600 5 2133 2 144115188075855872 1 23 2 1224979098644774912 1 1985 1 4293383065 1987 3 10 11 15 1 2 936748722493063513 1224979098644774912 
tab_retirement_troop 0 tableau_with_transparency 2048 2048 0 0 600 600 13 2133 2 144115188075855872 1 23 2 1224979098644774912 1 1985 1 4287137928 1987 3 10 11 15 2124 1 100 1989 5 0 40 40 0 100000 701 1 1 731 2 1 100 729 2 1 -20 730 2 1 -20 1980 5 1729382256910270501 1224979098644774912 1 0 0 731 2 1 200 1980 5 1729382256910270500 1224979098644774912 1 0 0 
tab_dplmc_lord_profile 0 tableau_with_transparency 1024 1024 0 0 320 480 13 2133 2 144115188075855872 1 23 2 1224979098644774912 1 1985 1 4287137928 1987 3 10 11 15 2124 1 100 1989 5 0 40 40 0 100000 701 1 1 731 2 1 100 729 2 1 -20 730 2 1 -20 1980 5 1729382256910270480 1224979098644774912 1 0 0 731 2 1 200 1980 5 1729382256910270479 1224979098644774912 1 0 0 
tab_flag_pole_new 0 sample_roman_spears_banner 1024 1024 0 0 0 0 15 23 2 1224979098644774912 1 1 2 936748722493063505 1224979098644774912 2133 2 1224979098644774913 72057594037927936 2124 1 100 701 1 1 723 2 1 180 729 2 1 -6 730 2 1 -41 729 2 2 62 730 2 2 70 1992 4 1224979098644774913 1 62 0 701 1 1 731 2 1 10 1992 4 1441151880758559213 1 0 0 1989 5 0 100 100 0 100000 
tab_draw_info_page_legion_banner 0 tableau_with_transparency 256 256 -128 0 128 256 14 2133 2 144115188075855872 1 23 2 1224979098644774912 1 2121 3 1224979098644774913 1224979098644774912 15 1 2 936748722493064091 1224979098644774913 2133 2 1224979098644774914 72057594037927936 1985 1 16777215 2124 1 100 1989 5 0 100 100 0 100000 2106 2 1224979098644774914 1080863910568919283 2105 2 1224979098644774914 1441151880758559061 701 1 1 730 2 1 45 729 2 1 0 1992 4 1224979098644774914 1 85 0 
