4
34
4
1
5
3
2
1
1
1
5
5
1
5
0
1
30
1
1
6
3
4451
221
561
220
58
82
124
9
1
31
120
17
16
4
2
1
2
1
1
7
310
808
-1
-3
180
27
57
331
148
482
2
14
1918
10
-2
141
3
19
42
42
295
51
28
15
11
50
41
1
39
20
1
67
124
19
27
-4
12
1
2
117
2
2
3
10
9
0
19
18
1
4
138
24
29
6
3
3
7
5
27
7
70
9
1
1
210
15
10
7
7
38
4
1
101
2
5
4
-1
0
0
2
6
11
1
1
18
0
8
-2
1
16
4
1
4
-2
21
9
2
12
2
7
32
1
1
2
1
1
1
1
1
5
17
2
7
40
476
22
1
6
5
12
251
89
1
1
1
14
14
16
13
1
1
2
3
6
-1
4
2
4
1
246
2
9
3
16
17
10
10
10
2
5
4
9
9
6
3
1
25
2
34
0
2
12
3
1
5
4
4
4
3
59
1
2
9
13
6
1
5
2
3
1
1
15
5
1
4
6
4
4
4
4
4
1
1
3
4
2
3
9
-1
-1
10
27
16
3
1
1
1
2
5
2
2
2
45
1
8
8
25
16
2
1
1
1
4
1
75
4
0
20
28
34
34
6
8
2
1
2
6
367
3
6
3
0
4
17
24
16
5
44
3
38
3
62
56
5
15
0
90
4
6
5
2
2
3
2
1719
21
1
38
8
78
3
0
20
11
5
2
4
0
3
8
916
0
2
2
3
124
60
14
25
102
2
12
4
6
3
52
3
1
45
1
8
1
1
5
2
11
3
2
1
1
2
16
2
1
5
6
11
14
105
3
19
2
2
3
3
5
10
10
6
13
11
2
12
1
6
1
16
70
19
68
0
2
1
1
0
3
2
1
2
2
7
0
0
4
0
4
3
0
15
7
-3
43
31
1
1
18
25
11
1
4
3
-1
18
10
5
0
-1
-1
3
4
1
1
5
15
5
118
11
2
2
-1
2
30
20
64
0
4
2
136
30
6
4
1
27
7
4
4
2
2
8
4
6
7
2
9
16
5
16
9
5
2
4
4
356
72
72
72
72
72
72
1
73
15
1
1
1
1
39
35
216
18
9
27
9
45
9
9
27
45
27
36
9
90
9
9
9
18
18
29
87
126
126
42
42
42
21
63
63
42
42
84
84
42
21
21
21
21
125
145
26
18
18
18
18
2
121
704
10
10
10
10
395
11
50
10
20
22
10
84
8
18
1
97
41
98
34
2
6
9
3
16
5
6
2
12
2
11
6
5
7
1
3
2
8
8
10
7
41
33
18
17
10
10
7
7
7
6
6
6
8
12
10
1
1
1
1
1
2
3
4
1
2
5
9
6
6
2
8
8
27
27
26
27
27
26
6
6
6
6
6
6
11
4
11
4
11
4
11
4
11
4
11
4
6
5
6
2
6
2
4
2
7
5
7
14
52
8
13
6
5
142
82
88
96
51
54
21
17
26
25
26
17
3
3
2
2
2
2
2
2
2
3
3
2
2
2
2
2
2
3
3
3
3
2
2
3
3
3
3
2
2
3
3
3
3
2
2
3
3
3
3
2
20
23
9
7
5
5
5
5
6
9
6
5
3
3
2
2
21
1
2
2
1
1
19
19
14
6
3
3
1
8
16
35
15
30
5
3
6
7
2
26
12
3
10
5
3
8
6
5
10
14
12
1
4
3
1
7
137
6
3
3
85
85
85
85
64
64
64
64
14
2
5
5
5
5
5
5
5
5
5
19
19
19
19
19
19
19
19
19
19
19
19
19
19
19
19
19
19
1
4
4
4
4
4
4
4
4
13
4
4
4
4
13
4
4
4
4
13
4
4
4
4
13
4
4
4
4
13
4
4
4
4
13
4
4
4
4
13
4
4
4
4
11
8
8
8
4
4
4
4
3
3
3
3
3
3
3
4
4
4
4
4
4
4
4
4
4
4
4
5
5
6
5
5
4
4
4
4
4
4
4
4
4
2
2
1
1
4
102
2
26
65
7
12
1
10
3
8
114
26
4
4
12
10
15
7
4
9
4
32
7
5
4
10
10
4
4
3
3
3
29
31
3
2
6
77
6
38
4
3
3
16
19
11
11
12
3
2
1
2
2
4
4
7
7
7
3
3
6
3
5
11
3
1
3
6
3
2
3
6
1
2
7
5
6
7
7
8
2
3
3
3
3
3
3
3
3
3
3
3
3
12
5
6
13
227
23
1
-7
5
-14
-8
76
201
-2
3
-1
5
1
1
1
2
135
2
9
1
4745
1
1
21
27
12
9
0
1
2
3
2
1
1
2
5
1
3
1
3
10
1
1
2
2
2
8
1
148
4
4
2
5
5
3
1
2
2
4
1
2
28
24
3
3
4
4
4
10
7
1
0
1567
26
0
2
2
2
2
2
2
1
1
4
4
1
37
1
-1
29
2
4
1
1
1
1
1
1
1
1
1
1
4
2
2
21
47
23
44
14
2
2
2
14
2
2
2
14
2
2
2
1
2
1
2
4
21
3
4
4
3
2
0
2
0
45
84
1
22
0
0
-2
-1
-2
-2
-2
-2
-1
-1
1
-2
-3
-3
-3
1
54
-1
-3
6
1
1
1
-2
-2
-2
-1
-1
-2
